9 0.524596 0.558844 0.764982 0.082214
9 0.524732 0.466107 0.768485 0.083080
9 0.524673 0.651787 0.764606 0.081307
9 0.525633 0.861346 0.769704 0.060581
9 0.523326 0.308313 0.770372 0.040848
9 0.525435 0.233136 0.754466 0.055569
9 0.524153 0.733320 0.768342 0.062180
7 0.512015 0.185145 0.152914 0.019021
9 0.402079 0.405751 0.426492 0.018514
9 0.443344 0.377883 0.508410 0.015911
9 0.500021 0.348865 0.630161 0.018611
9 0.687220 0.126998 0.375897 0.016170
9 0.421057 0.783286 0.466414 0.018503
7 0.289244 0.079234 0.264432 0.037652
9 0.288273 0.125545 0.255022 0.017664
9 0.498988 0.361763 0.618536 0.046891
9 0.292139 0.812183 0.201865 0.017958
