9 0.525051 0.321710 0.766274 0.138730
9 0.525177 0.213880 0.769740 0.058389
9 0.523776 0.579451 0.765333 0.058495
9 0.524205 0.446757 0.765199 0.038180
9 0.524178 0.521901 0.765226 0.038295
9 0.523051 0.637308 0.761312 0.038466
6 0.782314 0.730695 0.349874 0.132508
9 0.523974 0.118802 0.765197 0.058135
9 0.201448 0.903287 0.100077 0.011301
9 0.198149 0.708013 0.093566 0.011757
7 0.194178 0.674375 0.086679 0.013242
9 0.279704 0.857951 0.256729 0.011878
9 0.268851 0.753036 0.235211 0.012239
5 0.523200 0.032134 0.010513 0.012045
9 0.289288 0.071418 0.198383 0.018183
7 0.284642 0.166714 0.204411 0.017329
9 0.324566 0.843008 0.343269 0.012266
7 0.316131 0.409867 0.254788 0.018398
9 0.326388 0.880577 0.349855 0.027608
7 0.318568 0.484711 0.258853 0.018338
9 0.241437 0.798075 0.177698 0.012396
9 0.292586 0.827774 0.284012 0.012429
9 0.287977 0.782558 0.273940 0.012485
9 0.270680 0.737944 0.241020 0.011959
9 0.296628 0.722237 0.290250 0.014362
3 0.245655 0.813190 0.190064 0.011842
0 0.751329 0.805005 0.121428 0.014760
9 0.265111 0.692359 0.229147 0.013406
9 0.318568 0.484711 0.258853 0.018338
9 0.245655 0.813190 0.190064 0.011842
9 0.274362 0.767809 0.246908 0.012372
9 0.284642 0.166714 0.204411 0.017329
0 0.751928 0.804817 0.120983 0.014951
3 0.270680 0.737944 0.241020 0.011959
