9 0.527144 0.441117 0.771135 0.093128
9 0.525197 0.551829 0.768269 0.113706
9 0.522485 0.812045 0.764216 0.034863
9 0.520108 0.882756 0.760836 0.033751
9 0.524900 0.368930 0.766212 0.034822
9 0.524647 0.644752 0.764672 0.055146
9 0.443690 0.918165 0.511599 0.016021
9 0.521633 0.707187 0.765506 0.055945
9 0.707447 0.134089 0.364857 0.016507
9 0.441519 0.334676 0.511682 0.015565
9 0.525499 0.200500 0.640427 0.052802
9 0.292187 0.846756 0.208327 0.016983
9 0.524055 0.285829 0.767646 0.063620
9 0.292557 0.776950 0.204371 0.017390
9 0.296907 0.135170 0.244092 0.017625
9 0.422892 0.752051 0.466502 0.017811
7 0.297904 0.085504 0.264824 0.036697
9 0.425710 0.763493 0.464262 0.042713
