9 0.525353 0.213205 0.766328 0.075082
9 0.524342 0.131163 0.766950 0.073972
9 0.525223 0.472356 0.767520 0.055808
9 0.524015 0.286911 0.766220 0.053746
9 0.524565 0.417751 0.765473 0.035572
6 0.777983 0.673993 0.346923 0.128015
9 0.221508 0.904919 0.140403 0.012558
0 0.746098 0.752934 0.131577 0.015631
9 0.271319 0.889721 0.241463 0.012196
9 0.360292 0.331480 0.341689 0.016983
9 0.285271 0.874963 0.265993 0.011898
9 0.278196 0.829886 0.256873 0.011326
9 0.331844 0.077500 0.283543 0.018340
9 0.305933 0.724634 0.307451 0.011952
5 0.523472 0.052050 0.012755 0.012947
9 0.494873 0.545169 0.620852 0.017748
9 0.539394 0.369796 0.706501 0.042334
9 0.353110 0.844558 0.397545 0.011773
9 0.198756 0.649766 0.096482 0.012142
9 0.523789 0.580456 0.763896 0.038155
7 0.193973 0.619401 0.088109 0.012444
9 0.315602 0.518728 0.253809 0.017102
9 0.240467 0.784750 0.178594 0.012690
9 0.229900 0.814784 0.160474 0.011856
9 0.324963 0.739679 0.346954 0.012094
9 0.220253 0.769819 0.138636 0.011779
9 0.288912 0.755044 0.278072 0.011858
9 0.297777 0.664439 0.293187 0.012469
9 0.290113 0.701730 0.278089 0.027362
9 0.276073 0.799740 0.249844 0.012433
9 0.296172 0.664276 0.290545 0.012954
9 0.322302 0.739662 0.348528 0.011872
3 0.229900 0.814784 0.160474 0.011856
9 0.266933 0.635144 0.230380 0.011720
9 0.289021 0.860036 0.275760 0.012208
