8 0.498269 0.289353 0.815225 0.446222
9 0.523329 0.682419 0.763899 0.041575
9 0.381354 0.613744 0.484095 0.018482
9 0.382888 0.556101 0.483656 0.019113
7 0.192849 0.528542 0.099347 0.014227
3 0.302242 0.585742 0.321412 0.015395
9 0.456474 0.722874 0.641111 0.019944
9 0.192849 0.528542 0.099347 0.014227
9 0.302242 0.585742 0.321412 0.015395
9 0.258533 0.644270 0.234035 0.015292
5 0.523688 0.052602 0.011480 0.013138
3 0.381354 0.613744 0.484095 0.018482
3 0.258533 0.644270 0.234035 0.015292
9 0.515057 0.752339 0.746378 0.018357
9 0.521389 0.879910 0.764583 0.039506
9 0.519816 0.815251 0.756389 0.168645
9 0.494264 0.810633 0.718364 0.017589
9 0.509591 0.782173 0.755194 0.016750
