9 0.525307 0.542384 0.769687 0.097012
9 0.526327 0.659506 0.769129 0.117689
9 0.523955 0.454437 0.769119 0.058131
9 0.525081 0.878969 0.765837 0.058206
9 0.523763 0.756351 0.765176 0.058349
9 0.524261 0.397276 0.769898 0.037605
9 0.528157 0.219018 0.763032 0.053779
9 0.440625 0.361079 0.504737 0.015490
9 0.702816 0.135746 0.371294 0.016572
9 0.501950 0.285327 0.634804 0.018457
9 0.293794 0.831597 0.204635 0.017778
9 0.523424 0.323900 0.770843 0.034970
7 0.523902 0.178774 0.154374 0.017833
9 0.523902 0.178774 0.154374 0.017833
9 0.433315 0.805126 0.494099 0.017216
9 0.273952 0.129020 0.244593 0.018718
10 0.532501 0.086583 0.798137 0.039473
