9 0.523790 0.086130 0.766289 0.040043
6 0.763274 0.179264 0.351270 0.129169
7 0.195045 0.124151 0.088335 0.012837
5 0.526406 0.046900 0.016841 0.013049
9 0.326665 0.319403 0.347921 0.011582
9 0.306417 0.334732 0.312008 0.011935
9 0.290964 0.304348 0.278921 0.011578
9 0.296477 0.168855 0.289670 0.012794
9 0.290222 0.349682 0.276504 0.012127
0 0.727245 0.259665 0.131405 0.015152
9 0.325305 0.229854 0.348101 0.011467
9 0.223241 0.259773 0.143804 0.011874
9 0.343164 0.206416 0.385755 0.025420
3 0.245836 0.289578 0.190600 0.011237
9 0.204592 0.214603 0.107175 0.011468
9 0.222207 0.379616 0.140206 0.012057
9 0.245836 0.289578 0.190600 0.011237
9 0.284305 0.184478 0.266746 0.011757
9 0.199319 0.154339 0.096515 0.011810
9 0.271546 0.244852 0.243198 0.011577
9 0.242740 0.274458 0.185875 0.011979
