9 0.525173 0.667247 0.766372 0.078602
9 0.523649 0.744567 0.763311 0.058512
9 0.526147 0.886587 0.770949 0.058266
9 0.524108 0.545391 0.767241 0.039032
9 0.525620 0.829481 0.770023 0.037501
9 0.523701 0.263945 0.761493 0.037113
9 0.523386 0.114229 0.762232 0.037971
9 0.523428 0.161342 0.766043 0.038880
8 0.529463 0.396090 0.753050 0.193678
9 0.291445 0.076900 0.202076 0.018328
9 0.291971 0.509760 0.203660 0.014927
9 0.453270 0.610573 0.525957 0.018747
9 0.306535 0.225865 0.232356 0.018030
5 0.523563 0.046213 0.011278 0.011718
9 0.731702 0.299795 0.348066 0.019310
9 0.316841 0.583556 0.254385 0.017687
9 0.358846 0.198527 0.339207 0.018852
9 0.318638 0.792733 0.259414 0.018585
7 0.318638 0.792733 0.259414 0.018585
7 0.316841 0.583556 0.254385 0.017687
