9 0.526259 0.539153 0.768682 0.081262
9 0.523318 0.874583 0.765712 0.082424
9 0.524294 0.467898 0.764841 0.038934
9 0.523188 0.417522 0.767081 0.039855
9 0.524388 0.742212 0.765238 0.060227
9 0.524642 0.671018 0.761679 0.060298
9 0.523382 0.610205 0.762430 0.040021
9 0.523647 0.802997 0.763999 0.039119
9 0.524250 0.339277 0.768484 0.039042
9 0.526473 0.222777 0.665002 0.054309
9 0.439120 0.379683 0.505542 0.016300
9 0.696371 0.132724 0.359971 0.015895
9 0.496172 0.299867 0.619716 0.019273
9 0.295045 0.131400 0.265373 0.017331
7 0.525229 0.183518 0.155216 0.018328
9 0.525229 0.183518 0.155216 0.018328
5 0.700700 0.086187 0.456948 0.036986
7 0.295935 0.085302 0.265945 0.036602
