9 0.525138 0.456252 0.767664 0.101735
9 0.524621 0.224502 0.765047 0.081312
9 0.524900 0.826362 0.765424 0.060558
9 0.525061 0.743711 0.767247 0.083224
9 0.524145 0.886684 0.762963 0.040066
9 0.522004 0.294956 0.768473 0.040742
9 0.522289 0.672546 0.764517 0.040306
9 0.522004 0.622492 0.757236 0.040721
9 0.525049 0.152888 0.768175 0.038862
9 0.523809 0.103050 0.766277 0.038496
9 0.522539 0.346666 0.767789 0.036770
9 0.323810 0.526741 0.267385 0.018996
5 0.522715 0.051554 0.012653 0.013963
9 0.390708 0.384517 0.392682 0.018284
9 0.518057 0.555665 0.661078 0.017567
9 0.515961 0.569580 0.662751 0.046691
7 0.390708 0.384517 0.392682 0.018284
7 0.323810 0.526741 0.267385 0.018996
