9 0.524097 0.191605 0.766497 0.060169
9 0.520582 0.252133 0.763403 0.040295
9 0.523537 0.131492 0.767672 0.038906
6 0.781090 0.354635 0.350113 0.146158
7 0.185900 0.292809 0.086999 0.013329
9 0.279077 0.548209 0.274181 0.011899
9 0.319535 0.092266 0.261288 0.018518
9 0.212439 0.578376 0.143606 0.012167
9 0.262861 0.563042 0.241535 0.012193
9 0.345423 0.517710 0.401982 0.012162
3 0.222215 0.487664 0.162924 0.012712
9 0.269060 0.503020 0.253839 0.011796
9 0.279128 0.532654 0.274396 0.012014
3 0.232148 0.472901 0.177755 0.012383
9 0.316268 0.428250 0.350634 0.011706
9 0.189233 0.323131 0.093671 0.012085
9 0.244186 0.352668 0.205800 0.012730
9 0.211819 0.457970 0.138658 0.012005
9 0.286085 0.337624 0.291337 0.013184
9 0.325472 0.397838 0.390769 0.011737
5 0.524775 0.052100 0.014972 0.014558
9 0.269261 0.503136 0.258838 0.011617
3 0.212439 0.578376 0.143606 0.012167
3 0.286085 0.337624 0.291337 0.013184
9 0.228794 0.413139 0.179404 0.012137
9 0.278602 0.443261 0.273969 0.011953
3 0.244186 0.352668 0.205800 0.012730
3 0.211819 0.457970 0.138658 0.012005
9 0.258532 0.307425 0.233553 0.012490
3 0.262861 0.563042 0.241535 0.012193
9 0.232148 0.472901 0.177755 0.012383
