9 0.525057 0.566779 0.766936 0.125591
9 0.525544 0.769857 0.767524 0.145812
9 0.523973 0.107348 0.766189 0.060581
9 0.523982 0.178457 0.763002 0.060572
9 0.524516 0.464444 0.766806 0.058299
9 0.522812 0.306813 0.765581 0.060709
9 0.421960 0.228280 0.445163 0.017765
9 0.506123 0.677119 0.606699 0.018529
9 0.406415 0.385536 0.410189 0.017904
9 0.327323 0.649137 0.252985 0.018012
9 0.464069 0.257259 0.529692 0.017473
9 0.415617 0.356679 0.430691 0.018048
9 0.508178 0.414400 0.611420 0.017141
9 0.329350 0.862568 0.256333 0.018972
5 0.523524 0.045303 0.011189 0.012334
7 0.329350 0.862568 0.256333 0.018972
9 0.550678 0.891426 0.700454 0.018247
9 0.551259 0.891313 0.696190 0.018684
