9 0.523687 0.106932 0.767453 0.060787
9 0.522226 0.167642 0.763046 0.040203
6 0.764796 0.263588 0.352901 0.130742
9 0.325519 0.370373 0.344436 0.011884
9 0.290997 0.354920 0.279764 0.012132
9 0.281300 0.385467 0.258871 0.012155
9 0.286379 0.400133 0.269945 0.012669
9 0.310419 0.280346 0.318709 0.012139
9 0.255091 0.265435 0.208009 0.012063
0 0.731791 0.351549 0.130566 0.016203
9 0.200853 0.430539 0.100414 0.011520
9 0.223549 0.310297 0.144036 0.012084
9 0.245853 0.340190 0.191668 0.011228
3 0.255091 0.265435 0.208009 0.012063
9 0.194940 0.205034 0.088127 0.012812
9 0.271597 0.249980 0.244000 0.011853
9 0.308853 0.219474 0.312029 0.013528
5 0.524197 0.045357 0.011435 0.012506
7 0.194940 0.205034 0.088127 0.012812
9 0.241689 0.324967 0.184168 0.011996
3 0.245853 0.340190 0.191668 0.011228
9 0.271753 0.295201 0.241210 0.012010
9 0.340912 0.415467 0.382392 0.013372
3 0.271597 0.249980 0.244000 0.011853
3 0.286379 0.400133 0.269945 0.012669
3 0.308853 0.219474 0.312029 0.013528
