9 0.524660 0.618259 0.769054 0.124939
9 0.524870 0.503836 0.766390 0.082700
9 0.522950 0.721562 0.766472 0.061455
9 0.524182 0.422069 0.766185 0.061248
9 0.523491 0.871103 0.762685 0.060662
9 0.522841 0.810649 0.765227 0.038321
9 0.449821 0.373414 0.503303 0.015903
9 0.524490 0.237959 0.753341 0.035123
9 0.521980 0.332345 0.765380 0.040639
9 0.443813 0.771330 0.494058 0.019014
9 0.678870 0.142256 0.370117 0.016135
9 0.512052 0.293894 0.627647 0.019654
7 0.524511 0.205734 0.164180 0.019723
7 0.295711 0.094096 0.263752 0.038023
9 0.295818 0.141536 0.248399 0.017642
9 0.521445 0.318226 0.762223 0.069025
7 0.684369 0.094301 0.423786 0.035557
5 0.684369 0.094301 0.423786 0.035557
