9 0.524275 0.272089 0.765687 0.082190
9 0.524409 0.142356 0.767434 0.152486
9 0.524089 0.603402 0.764689 0.106881
9 0.523804 0.457032 0.766876 0.062491
9 0.524547 0.345413 0.766603 0.038392
9 0.523676 0.394655 0.763281 0.041658
9 0.524783 0.749171 0.767045 0.108238
9 0.521663 0.920919 0.762811 0.041459
9 0.523522 0.520463 0.765876 0.038921
9 0.360365 0.881848 0.316236 0.018938
5 0.523587 0.025106 0.010902 0.012894
7 0.523692 0.851891 0.253924 0.019641
7 0.524234 0.824680 0.116425 0.015771
9 0.495954 0.678218 0.588800 0.016018
9 0.523211 0.520434 0.764066 0.038837
9 0.523692 0.851891 0.253924 0.019641
