9 0.526277 0.532593 0.767941 0.127162
9 0.524163 0.660260 0.766443 0.106566
9 0.524621 0.744265 0.767977 0.041761
9 0.522009 0.883143 0.770893 0.040178
7 0.524001 0.815356 0.212861 0.015233
9 0.525840 0.404563 0.768264 0.105476
9 0.523984 0.221760 0.588838 0.038787
7 0.524134 0.786558 0.098805 0.015431
9 0.671133 0.145305 0.358606 0.016398
7 0.524355 0.184906 0.154916 0.018509
9 0.555517 0.924808 0.708281 0.016066
9 0.286657 0.143158 0.231666 0.017028
9 0.338358 0.843025 0.271651 0.019471
9 0.524645 0.404668 0.765923 0.105392
7 0.287514 0.092049 0.255203 0.034921
7 0.338358 0.843025 0.271651 0.019471
9 0.499092 0.280524 0.634451 0.019142
9 0.525937 0.316637 0.769953 0.047780
