9 0.524720 0.793606 0.767386 0.192985
9 0.524296 0.109287 0.765033 0.085550
9 0.525880 0.598994 0.766716 0.172112
9 0.522641 0.224646 0.765241 0.059865
9 0.524032 0.921060 0.765080 0.040907
9 0.520414 0.452917 0.767957 0.040792
9 0.470797 0.493732 0.534323 0.017254
9 0.510893 0.304610 0.615513 0.015355
7 0.524245 0.363531 0.108938 0.014924
7 0.523532 0.401941 0.754273 0.041408
9 0.524534 0.275703 0.651436 0.015781
5 0.523083 0.024629 0.010945 0.011841
9 0.377631 0.333039 0.349934 0.016475
7 0.335906 0.172526 0.266427 0.019457
9 0.523532 0.401941 0.754273 0.041408
9 0.335906 0.172526 0.266427 0.019457
9 0.524245 0.363531 0.108938 0.014924
