9 0.524309 0.497006 0.766814 0.084905
9 0.523855 0.229978 0.765567 0.062282
9 0.522890 0.302868 0.765008 0.062268
9 0.523546 0.580944 0.766197 0.061186
9 0.524083 0.087290 0.764713 0.041737
9 0.522826 0.643458 0.764458 0.040466
9 0.523273 0.138575 0.766251 0.040468
9 0.522741 0.423923 0.770811 0.039278
6 0.762855 0.739885 0.351636 0.133391
9 0.526365 0.385121 0.650118 0.015642
9 0.192287 0.918273 0.101848 0.011937
9 0.336125 0.752763 0.388034 0.012392
7 0.186024 0.692345 0.087130 0.013339
9 0.319889 0.857739 0.354173 0.012057
9 0.276352 0.887751 0.270482 0.012998
9 0.268575 0.842610 0.251775 0.012564
9 0.329320 0.354971 0.252739 0.018078
9 0.259852 0.812471 0.238678 0.013047
9 0.287966 0.782672 0.290414 0.012370
5 0.523784 0.024722 0.010791 0.011527
7 0.329320 0.354971 0.252739 0.018078
9 0.287578 0.767736 0.293300 0.012666
9 0.332361 0.179327 0.259812 0.018526
9 0.331330 0.902716 0.378919 0.012977
9 0.258747 0.737848 0.239507 0.012499
3 0.240305 0.797689 0.195118 0.012553
9 0.297720 0.872871 0.316867 0.012220
9 0.301577 0.714804 0.319228 0.031648
7 0.332361 0.179327 0.259812 0.018526
9 0.240305 0.797689 0.195118 0.012553
3 0.258747 0.737848 0.239507 0.012499
3 0.259852 0.812471 0.238678 0.013047
