9 0.524135 0.273552 0.765192 0.095160
9 0.524501 0.590213 0.766208 0.092321
9 0.523459 0.503309 0.765300 0.055611
9 0.523626 0.436794 0.766293 0.055440
9 0.524392 0.349895 0.768625 0.037926
9 0.523609 0.713060 0.763323 0.037468
9 0.524696 0.914787 0.764735 0.052514
9 0.525065 0.860108 0.766191 0.052607
9 0.524627 0.665570 0.764992 0.037645
9 0.523461 0.198188 0.767821 0.036141
9 0.524076 0.804786 0.765245 0.054164
9 0.394836 0.388115 0.412154 0.019013
9 0.523946 0.804746 0.767002 0.054198
5 0.518575 0.043600 0.011779 0.013590
7 0.521660 0.132963 0.666204 0.072906
9 0.524297 0.082180 0.109594 0.014856
