9 0.521831 0.448387 0.769562 0.055103
7 0.522973 0.347384 0.275257 0.019368
9 0.522562 0.393630 0.767902 0.034197
9 0.524641 0.904569 0.764142 0.045346
7 0.524494 0.530702 0.160484 0.019122
9 0.261920 0.793245 0.143338 0.014116
9 0.525039 0.080430 0.276013 0.018531
9 0.535374 0.493734 0.713799 0.015941
5 0.524065 0.043843 0.023843 0.013938
9 0.342357 0.562491 0.305026 0.018700
9 0.523773 0.250313 0.539577 0.101248
9 0.525654 0.292172 0.544987 0.016015
9 0.284298 0.169364 0.144340 0.017173
9 0.284250 0.116837 0.117065 0.015694
8 0.519604 0.683451 0.770979 0.221070
