9 0.525996 0.434823 0.768056 0.168674
9 0.523852 0.272226 0.762437 0.073421
9 0.523881 0.568900 0.763778 0.072495
9 0.525658 0.883110 0.767125 0.093211
9 0.524269 0.740692 0.766226 0.053308
9 0.523731 0.672233 0.765446 0.057764
7 0.321945 0.329017 0.265193 0.017794
9 0.337838 0.787104 0.295455 0.019071
9 0.475735 0.815926 0.560939 0.018014
7 0.523752 0.160687 0.063979 0.015141
5 0.523825 0.043240 0.022096 0.012533
9 0.389155 0.625450 0.400122 0.017893
9 0.523120 0.119799 0.570289 0.046043
7 0.518413 0.082050 0.106258 0.014936
9 0.439103 0.214050 0.504975 0.019446
7 0.389155 0.625450 0.400122 0.017893
9 0.518413 0.082050 0.106258 0.014936
