9 0.525251 0.466699 0.768790 0.152446
9 0.525723 0.278826 0.767676 0.132424
9 0.523569 0.696671 0.764726 0.054104
9 0.523934 0.800083 0.764306 0.066160
9 0.522230 0.909342 0.760449 0.038773
9 0.523584 0.643395 0.765224 0.025059
9 0.523057 0.575980 0.766671 0.035821
9 0.522799 0.847769 0.757432 0.025750
9 0.470838 0.190145 0.564209 0.015244
7 0.524131 0.111062 0.297308 0.019783
5 0.523642 0.043221 0.022405 0.013046
7 0.342444 0.368305 0.305757 0.018566
9 0.282008 0.732077 0.177268 0.011023
9 0.414787 0.745562 0.441138 0.011058
7 0.321699 0.156944 0.264434 0.017833
7 0.522899 0.081963 0.134084 0.015080
9 0.411744 0.751863 0.457796 0.023598
9 0.299152 0.758887 0.214028 0.010817
