9 0.524942 0.894443 0.770877 0.036800
9 0.524776 0.808892 0.766481 0.074258
9 0.525553 0.580026 0.767448 0.055539
9 0.524610 0.527506 0.767009 0.036589
9 0.525406 0.631714 0.764792 0.036480
9 0.525065 0.230434 0.693197 0.057859
9 0.525245 0.747996 0.761954 0.034219
5 0.524243 0.040263 0.023464 0.013208
9 0.661368 0.163775 0.232125 0.016166
9 0.284776 0.161343 0.108087 0.017635
9 0.304890 0.862182 0.228591 0.015266
9 0.366552 0.293203 0.354542 0.017218
9 0.525757 0.474830 0.765590 0.054105
9 0.265602 0.665110 0.152233 0.017536
