9 0.525521 0.113458 0.769953 0.055259
9 0.524262 0.229650 0.766527 0.056658
9 0.524894 0.420341 0.765266 0.038377
9 0.523937 0.376076 0.767792 0.036423
8 0.525181 0.294650 0.763572 0.056440
9 0.549070 0.171746 0.720200 0.042996
9 0.523619 0.532089 0.762985 0.034031
9 0.643775 0.725197 0.431876 0.040494
5 0.523848 0.044353 0.012435 0.013714
8 0.523910 0.475975 0.766233 0.055906
9 0.643393 0.725148 0.432052 0.040591
9 0.522378 0.604118 0.765316 0.033325
8 0.541086 0.654177 0.728156 0.042256
9 0.374740 0.185642 0.371548 0.014840
