8 0.522091 0.563356 0.768661 0.119150
9 0.302661 0.479473 0.223917 0.013995
9 0.658856 0.794571 0.433551 0.037733
8 0.529246 0.388927 0.754808 0.190185
9 0.524246 0.270164 0.238622 0.014928
9 0.266139 0.196821 0.272905 0.088223
9 0.662407 0.163750 0.257178 0.015191
9 0.305399 0.646621 0.228637 0.015216
5 0.525238 0.040437 0.025036 0.012997
9 0.526591 0.709844 0.765769 0.079798
9 0.442129 0.665989 0.501342 0.014809
5 0.524962 0.040422 0.024046 0.013029
9 0.262670 0.233897 0.117645 0.013186
9 0.657831 0.805504 0.432872 0.016514
