9 0.525013 0.164646 0.766672 0.132356
9 0.524583 0.287158 0.766359 0.092516
9 0.524009 0.526979 0.765257 0.076543
9 0.524556 0.388559 0.766013 0.095051
9 0.522400 0.602232 0.764272 0.054088
9 0.524103 0.462660 0.765445 0.036763
1 0.525071 0.913966 0.766067 0.054393
9 0.394231 0.082037 0.506250 0.015137
5 0.523158 0.042868 0.020812 0.011954
9 0.406882 0.648091 0.437949 0.015264
9 0.276070 0.700700 0.173540 0.014691
9 0.249903 0.674092 0.122645 0.015413
9 0.261663 0.752049 0.142229 0.017240
9 0.365958 0.778258 0.350486 0.017470
9 0.307491 0.725830 0.234930 0.016873
9 0.436537 0.831678 0.494441 0.015619
9 0.317866 0.804420 0.255603 0.017496
3 0.307491 0.725830 0.234930 0.016873
3 0.365958 0.778258 0.350486 0.017470
3 0.276070 0.700700 0.173540 0.014691
3 0.436537 0.831678 0.494441 0.015619
3 0.317866 0.804420 0.255603 0.017496
3 0.261663 0.752049 0.142229 0.017240
