9 0.523936 0.146366 0.764242 0.055877
9 0.524189 0.735276 0.765238 0.055170
9 0.524516 0.549533 0.767037 0.055606
9 0.525511 0.426920 0.767031 0.075226
9 0.522914 0.351871 0.764702 0.055858
9 0.524607 0.091469 0.764563 0.034749
9 0.524024 0.239884 0.766775 0.055274
9 0.524132 0.295949 0.765923 0.036214
9 0.524382 0.908021 0.765668 0.066095
9 0.523348 0.492638 0.767443 0.036822
9 0.523088 0.604656 0.763089 0.036780
9 0.523235 0.652335 0.763040 0.034865
9 0.524313 0.839468 0.765957 0.067605
5 0.523332 0.042859 0.022694 0.012120
9 0.390719 0.193156 0.405457 0.017702
9 0.382395 0.688652 0.385723 0.017728
7 0.382395 0.688652 0.385723 0.017728
