9 0.523496 0.623163 0.765804 0.081458
9 0.524641 0.250762 0.765333 0.076602
9 0.524934 0.860022 0.766326 0.052669
9 0.524079 0.750177 0.767039 0.054094
9 0.523939 0.538563 0.764189 0.059566
9 0.524830 0.177045 0.767122 0.055640
9 0.525147 0.805739 0.765290 0.052283
9 0.525028 0.914806 0.766354 0.052528
9 0.525540 0.090970 0.769359 0.039892
9 0.522493 0.475543 0.763565 0.040096
9 0.525243 0.425692 0.766988 0.039471
9 0.306915 0.684797 0.234608 0.018302
9 0.249281 0.132266 0.120788 0.016303
5 0.518590 0.043168 0.011187 0.011967
9 0.523101 0.345746 0.756618 0.044347
7 0.523757 0.307473 0.117624 0.014833
7 0.523779 0.386291 0.081024 0.015617
