9 0.524673 0.339397 0.765884 0.128488
9 0.524326 0.672775 0.766049 0.105624
9 0.524738 0.223598 0.765316 0.083612
9 0.524241 0.091085 0.764342 0.040618
9 0.523184 0.497826 0.761762 0.061365
9 0.524395 0.908118 0.765239 0.066416
9 0.524375 0.846782 0.766546 0.053460
9 0.522062 0.435310 0.759530 0.039735
9 0.523831 0.588132 0.766874 0.039963
9 0.524342 0.791104 0.764893 0.054941
9 0.273754 0.132683 0.169118 0.016839
5 0.519008 0.043689 0.011522 0.013643
7 0.317317 0.548222 0.258471 0.020279
9 0.537203 0.160791 0.724376 0.019271
9 0.317317 0.548222 0.258471 0.020279
