9 0.524510 0.627596 0.766458 0.113384
9 0.524598 0.224081 0.766655 0.074547
9 0.524351 0.147622 0.765004 0.055342
9 0.523852 0.437771 0.766658 0.053530
9 0.523966 0.894958 0.765216 0.065933
9 0.525014 0.503139 0.767441 0.056655
9 0.524481 0.090394 0.763823 0.036916
9 0.524776 0.826666 0.766811 0.066243
9 0.524340 0.758098 0.766910 0.066469
7 0.524280 0.282440 0.064789 0.014774
5 0.523865 0.043041 0.022032 0.012171
9 0.525306 0.329153 0.753197 0.057652
7 0.316364 0.388565 0.253902 0.019519
7 0.333737 0.550854 0.288337 0.019906
9 0.333737 0.550854 0.288337 0.019906
7 0.525306 0.329153 0.753197 0.057652
9 0.316364 0.388565 0.253902 0.019519
