9 0.524482 0.642833 0.765592 0.092526
9 0.525681 0.529444 0.767713 0.113749
9 0.523712 0.426863 0.766220 0.075325
9 0.526506 0.171772 0.768420 0.093378
9 0.522972 0.327241 0.762297 0.054182
9 0.523256 0.246609 0.763172 0.034406
9 0.316497 0.080724 0.254976 0.017751
9 0.446127 0.108036 0.514496 0.015476
9 0.413165 0.373269 0.437339 0.015063
9 0.535577 0.892982 0.695580 0.015038
9 0.356821 0.865429 0.331056 0.017284
7 0.524242 0.707737 0.116311 0.015008
9 0.523235 0.745676 0.644740 0.045084
5 0.523173 0.043104 0.021606 0.013126
9 0.528318 0.815988 0.759373 0.063188
