9 0.525581 0.482639 0.768237 0.168407
9 0.523673 0.318633 0.762752 0.075744
9 0.523262 0.606896 0.762891 0.053679
9 0.523868 0.894857 0.763452 0.066100
9 0.523562 0.769221 0.763633 0.053973
9 0.523741 0.701592 0.763446 0.054617
9 0.524419 0.242317 0.765616 0.056619
9 0.524785 0.091900 0.765740 0.039624
9 0.523204 0.847039 0.763686 0.025724
7 0.523789 0.136531 0.063836 0.014624
7 0.323248 0.376220 0.267691 0.019236
5 0.523487 0.043213 0.022798 0.013127
9 0.403810 0.654430 0.431811 0.016257
9 0.522507 0.179487 0.659955 0.049010
7 0.522507 0.179487 0.659955 0.049010
7 0.403810 0.654430 0.431811 0.016257
