9 0.523772 0.152022 0.763885 0.053364
9 0.524134 0.090279 0.763242 0.037529
9 0.524412 0.243011 0.767639 0.054032
5 0.523483 0.043080 0.022597 0.011821
6 0.736251 0.468594 0.467030 0.158947
9 0.245585 0.474754 0.200280 0.012243
9 0.291698 0.459934 0.288201 0.012881
9 0.334125 0.429964 0.375713 0.012525
7 0.194283 0.384509 0.087529 0.012646
9 0.278969 0.415133 0.266095 0.011550
7 0.344932 0.196651 0.310344 0.018075
9 0.318701 0.444515 0.342487 0.012969
9 0.344932 0.196651 0.310344 0.018075
9 0.291599 0.459931 0.292569 0.012596
9 0.316030 0.444982 0.344596 0.012295
