9 0.524987 0.839773 0.765961 0.066519
9 0.524769 0.221573 0.766958 0.055793
9 0.524237 0.908035 0.765196 0.065908
9 0.524451 0.702892 0.766921 0.066515
9 0.524859 0.498273 0.765492 0.073413
9 0.524456 0.161478 0.766432 0.054263
9 0.524521 0.408210 0.764391 0.093602
9 0.524523 0.771384 0.765879 0.066231
9 0.525112 0.588260 0.768682 0.093652
9 0.523881 0.099582 0.764915 0.056014
9 0.522679 0.295124 0.760138 0.036337
9 0.523085 0.338524 0.762686 0.035508
9 0.519740 0.264058 0.656773 0.016457
5 0.523985 0.043059 0.022323 0.012544
