9 0.524948 0.628198 0.767084 0.170821
9 0.524524 0.317209 0.762760 0.055708
9 0.525565 0.395255 0.767843 0.092903
9 0.523991 0.513449 0.764706 0.053255
9 0.522838 0.921711 0.762581 0.039518
9 0.524258 0.839922 0.764563 0.039008
9 0.523048 0.798478 0.766168 0.041242
9 0.523694 0.735167 0.763548 0.035438
9 0.524513 0.464295 0.764279 0.034100
9 0.524896 0.091199 0.767688 0.035201
9 0.524684 0.881166 0.765646 0.039189
9 0.523302 0.228958 0.767179 0.074013
9 0.523991 0.139150 0.762794 0.054202
5 0.523772 0.043128 0.021732 0.012754
9 0.241093 0.278860 0.103549 0.014700
9 0.232875 0.160162 0.087853 0.016265
