9 0.524020 0.585199 0.765373 0.084455
9 0.522946 0.489018 0.761740 0.081315
9 0.524523 0.219799 0.765214 0.084497
9 0.523073 0.751012 0.762990 0.052902
9 0.524266 0.339188 0.766499 0.061108
9 0.524086 0.695524 0.765712 0.054937
9 0.524478 0.859897 0.765714 0.053089
9 0.524767 0.805571 0.764945 0.052531
9 0.524979 0.914765 0.766235 0.053005
9 0.523027 0.092003 0.763132 0.038806
9 0.523207 0.144686 0.762568 0.041029
5 0.518335 0.043132 0.011676 0.012123
9 0.415865 0.423376 0.449454 0.019540
9 0.269688 0.285668 0.161119 0.016855
7 0.269280 0.392149 0.160308 0.017224
9 0.269280 0.392149 0.160308 0.017224
7 0.269688 0.285668 0.161119 0.016855
