9 0.525020 0.815827 0.766890 0.053548
9 0.524493 0.610274 0.767505 0.053378
9 0.524837 0.311404 0.768455 0.036367
9 0.523026 0.875444 0.765311 0.036744
9 0.524888 0.189286 0.764284 0.037440
9 0.523108 0.517154 0.765355 0.034475
9 0.524164 0.362736 0.766055 0.036922
9 0.524471 0.754859 0.765396 0.034542
9 0.523573 0.413351 0.763957 0.037368
9 0.523378 0.703650 0.765069 0.034003
9 0.521759 0.464524 0.763991 0.037265
9 0.523453 0.249608 0.767262 0.056741
7 0.321901 0.557948 0.265374 0.018626
9 0.527359 0.660177 0.694471 0.018927
7 0.525062 0.082085 0.101148 0.015099
7 0.522877 0.106979 0.307918 0.018438
7 0.324455 0.147441 0.269162 0.019855
5 0.518776 0.043256 0.013224 0.013013
