9 0.525271 0.188560 0.767149 0.129038
9 0.523267 0.750725 0.763496 0.052906
9 0.525314 0.805509 0.765738 0.052301
9 0.524991 0.640985 0.766436 0.054596
9 0.525188 0.859971 0.766077 0.052738
9 0.524264 0.696549 0.766547 0.052350
9 0.522766 0.543795 0.765026 0.053852
9 0.522868 0.091748 0.762538 0.038594
9 0.524499 0.914748 0.764023 0.052675
9 0.525814 0.428350 0.771010 0.036250
9 0.405388 0.495859 0.424426 0.016270
7 0.524265 0.391093 0.078829 0.015433
9 0.391064 0.466423 0.389089 0.017652
5 0.523904 0.043024 0.021459 0.012736
9 0.306716 0.318792 0.236865 0.106668
9 0.306263 0.304768 0.232511 0.017566
9 0.305818 0.275494 0.231194 0.018497
9 0.306191 0.333456 0.233059 0.017448
