9 0.525105 0.454470 0.766832 0.131746
9 0.524336 0.908121 0.765655 0.066105
9 0.523532 0.302554 0.762433 0.056826
9 0.524035 0.714452 0.766816 0.053730
9 0.523344 0.091395 0.762847 0.035777
9 0.523854 0.846595 0.765693 0.053300
9 0.523608 0.659540 0.763067 0.037279
9 0.524579 0.546399 0.763392 0.036920
9 0.523216 0.798409 0.765992 0.041051
9 0.524043 0.591329 0.766449 0.035152
5 0.523825 0.042843 0.021512 0.012106
9 0.273353 0.347392 0.167569 0.015947
9 0.334560 0.624590 0.288168 0.019461
7 0.523829 0.165068 0.662864 0.045981
9 0.332938 0.371798 0.284980 0.019396
9 0.522566 0.127301 0.112726 0.015232
9 0.522433 0.231324 0.515239 0.020185
9 0.523829 0.165068 0.662864 0.045981
