9 0.525788 0.452854 0.768223 0.112780
9 0.524147 0.750234 0.765846 0.054317
9 0.524581 0.595074 0.767302 0.092002
9 0.522829 0.313289 0.763253 0.053609
9 0.523128 0.246701 0.763522 0.055831
9 0.525262 0.805762 0.765764 0.052448
9 0.525534 0.914750 0.766061 0.052803
9 0.524195 0.190032 0.765783 0.037948
9 0.524512 0.859948 0.765091 0.052960
9 0.523265 0.367942 0.762967 0.037015
9 0.524510 0.143532 0.767525 0.037136
9 0.523802 0.669165 0.768092 0.037403
9 0.306790 0.080944 0.235491 0.018106
5 0.523985 0.043032 0.021920 0.012669
7 0.523849 0.107500 0.078943 0.015485
7 0.540966 0.528168 0.705706 0.018153
