9 0.524791 0.301915 0.766595 0.082997
9 0.525501 0.407963 0.767648 0.105691
9 0.522907 0.503703 0.764769 0.060517
9 0.522769 0.788502 0.760614 0.053534
9 0.522422 0.917397 0.764071 0.043970
9 0.521520 0.624905 0.765284 0.037484
9 0.529414 0.846767 0.661110 0.027509
9 0.522443 0.705162 0.767668 0.037898
9 0.463922 0.584957 0.525630 0.015828
9 0.536170 0.877515 0.686659 0.028889
7 0.548378 0.175135 0.133611 0.015916
9 0.429092 0.554195 0.454916 0.018728
9 0.369701 0.822970 0.355585 0.012693
9 0.522550 0.665293 0.631068 0.015449
7 0.662917 0.085980 0.497624 0.037861
9 0.546893 0.207003 0.690668 0.040021
9 0.328820 0.886389 0.262664 0.011011
