9 0.523912 0.411320 0.764686 0.094608
9 0.524035 0.102104 0.764248 0.062750
9 0.523854 0.750263 0.764673 0.054241
9 0.523350 0.506056 0.766279 0.072721
9 0.523476 0.327313 0.765708 0.057363
9 0.523868 0.587556 0.765799 0.076786
9 0.523604 0.665868 0.767098 0.060846
9 0.524883 0.805708 0.765037 0.052206
9 0.524889 0.162791 0.767133 0.037880
9 0.524659 0.859996 0.764567 0.052615
9 0.523235 0.263904 0.764599 0.056124
9 0.524674 0.914785 0.764909 0.052531
9 0.522445 0.207899 0.763874 0.038372
9 0.522189 0.207850 0.763175 0.038411
5 0.519152 0.043374 0.012488 0.012954
