9 0.525967 0.177081 0.768485 0.113753
9 0.523796 0.283862 0.764134 0.074738
9 0.525396 0.785067 0.766422 0.066424
9 0.524424 0.716765 0.765729 0.066003
9 0.524291 0.361848 0.766642 0.054799
9 0.525936 0.648360 0.768750 0.067164
9 0.525477 0.853431 0.766746 0.066202
9 0.525626 0.914455 0.765906 0.053127
9 0.523793 0.090086 0.764486 0.037705
9 0.523582 0.557899 0.765045 0.037049
9 0.523847 0.509280 0.765249 0.036677
7 0.523028 0.439559 0.253687 0.019461
7 0.524227 0.411807 0.123336 0.015429
5 0.523561 0.043054 0.022380 0.012412
9 0.378594 0.469654 0.378164 0.018337
7 0.378594 0.469654 0.378164 0.018337
