9 0.524539 0.102609 0.765377 0.062388
9 0.524115 0.748123 0.764924 0.061174
9 0.522879 0.445358 0.765278 0.063452
9 0.524362 0.585028 0.764857 0.085386
9 0.521894 0.671274 0.761339 0.063624
9 0.523861 0.371015 0.764568 0.060897
9 0.523969 0.220557 0.765079 0.040652
9 0.524818 0.166969 0.767035 0.041431
9 0.522724 0.509867 0.764671 0.040270
9 0.521254 0.305222 0.765640 0.040486
9 0.524436 0.902586 0.764312 0.040333
9 0.535948 0.264445 0.697260 0.015626
5 0.523238 0.043047 0.023072 0.012483
1 0.525082 0.847780 0.766520 0.068234
