9 0.524279 0.302978 0.765658 0.106551
9 0.523470 0.103573 0.763881 0.059286
9 0.524925 0.421612 0.765999 0.106727
9 0.524020 0.908088 0.764788 0.066093
9 0.524212 0.702868 0.766530 0.067047
9 0.524801 0.770952 0.765506 0.066963
9 0.524832 0.600071 0.765404 0.063080
9 0.524664 0.839749 0.765644 0.066874
9 0.523289 0.177253 0.762255 0.061033
9 0.523024 0.537298 0.763160 0.039458
9 0.395471 0.229648 0.416001 0.017921
5 0.523438 0.043175 0.022102 0.013597
7 0.395471 0.229648 0.416001 0.017921
7 0.541324 0.497773 0.709303 0.014996
5 0.523391 0.043220 0.022555 0.012970
