9 0.520879 0.522121 0.680486 0.096514
9 0.523097 0.199926 0.681789 0.077575
9 0.524095 0.287792 0.683078 0.079357
9 0.524118 0.121357 0.682189 0.062331
9 0.520917 0.911291 0.680257 0.039279
9 0.520449 0.809673 0.679852 0.052752
9 0.522075 0.863506 0.680091 0.051846
9 0.522363 0.376555 0.681685 0.078559
9 0.520307 0.755262 0.678444 0.053461
9 0.519487 0.625673 0.680267 0.037598
9 0.523351 0.442614 0.682814 0.038603
9 0.521677 0.706888 0.682856 0.040142
9 0.457602 0.588726 0.462784 0.017557
4 0.538870 0.982103 0.005228 0.005462
