9 0.519537 0.835400 0.691486 0.073138
9 0.519345 0.755917 0.689124 0.074106
9 0.519956 0.676982 0.689772 0.071082
9 0.518788 0.904192 0.689713 0.054110
9 0.520586 0.327860 0.684028 0.054189
9 0.520370 0.418752 0.689729 0.074067
9 0.654293 0.154750 0.306637 0.016376
9 0.518490 0.506302 0.691951 0.092296
9 0.657289 0.106233 0.422703 0.036924
9 0.445425 0.287365 0.449142 0.018046
7 0.521944 0.183996 0.120855 0.014819
9 0.405408 0.369369 0.371255 0.015125
9 0.464025 0.231719 0.778523 0.073418
9 0.518224 0.616967 0.692088 0.035870
7 0.301324 0.094608 0.116621 0.017501
9 0.518131 0.617206 0.692787 0.035685
9 0.521944 0.183996 0.120855 0.014819
9 0.447106 0.203813 0.794824 0.127669
9 0.465705 0.575837 0.489887 0.037959
4 0.933173 0.953158 0.011958 0.006214
9 0.443081 0.024376 0.288271 0.037610
