9 0.520987 0.132222 0.683636 0.034601
7 0.229374 0.250145 0.083674 0.012385
9 0.401689 0.096005 0.355916 0.017412
9 0.523208 0.187244 0.686799 0.053444
9 0.263989 0.430212 0.154405 0.011539
3 0.278133 0.400411 0.182974 0.011620
9 0.523671 0.187217 0.687471 0.053533
9 0.283982 0.355516 0.195301 0.011525
9 0.270993 0.504763 0.167167 0.012165
3 0.276329 0.340600 0.178323 0.011706
9 0.391972 0.310476 0.405428 0.013652
9 0.295820 0.265435 0.215520 0.011967
9 0.353836 0.370336 0.329949 0.012244
9 0.374669 0.460426 0.381653 0.011915
3 0.351153 0.326020 0.326199 0.011256
5 0.523046 0.051062 0.015391 0.014225
3 0.270993 0.504763 0.167167 0.012165
9 0.339441 0.280627 0.301323 0.011993
6 0.726658 0.322759 0.294001 0.164943
9 0.358716 0.444940 0.344236 0.013115
9 0.266675 0.385775 0.158925 0.011682
9 0.276329 0.340600 0.178323 0.011706
3 0.391972 0.310476 0.405428 0.013652
3 0.295820 0.265435 0.215520 0.011967
3 0.339441 0.280627 0.301323 0.011993
9 0.351153 0.326020 0.326199 0.011256
9 0.278133 0.400411 0.182974 0.011620
9 0.388196 0.475455 0.398125 0.012784
9 0.301367 0.415074 0.228096 0.012133
3 0.283982 0.355516 0.195301 0.011525
