9 0.522766 0.575812 0.685455 0.129567
9 0.524866 0.166348 0.688657 0.151930
9 0.522905 0.318085 0.686840 0.091517
9 0.520231 0.683490 0.683407 0.073412
9 0.521653 0.743139 0.683013 0.036331
9 0.526881 0.441217 0.691655 0.126412
9 0.521165 0.826909 0.680468 0.075096
9 0.510807 0.901908 0.581552 0.015682
9 0.368689 0.775809 0.289569 0.017258
9 0.470269 0.256786 0.493789 0.017500
9 0.339091 0.878120 0.231695 0.016327
5 0.524112 0.053798 0.017324 0.014496
4 0.475376 0.956046 0.005115 0.006331
5 0.911233 0.050039 0.007192 0.012775
