9 0.553426 0.167395 0.690663 0.114329
9 0.548780 0.615378 0.693999 0.111063
9 0.552174 0.329407 0.690221 0.187267
9 0.547841 0.711560 0.690842 0.054699
9 0.547707 0.789097 0.688829 0.073998
9 0.549186 0.521008 0.690232 0.055269
9 0.545992 0.874314 0.689764 0.075844
9 0.377470 0.474187 0.252895 0.015043
5 0.552158 0.068984 0.021361 0.012406
7 0.374634 0.443803 0.250073 0.018082
9 0.374634 0.443803 0.250073 0.018082
4 0.445477 0.965737 0.004999 0.005888
5 0.073722 0.048322 0.005575 0.007203
5 0.072517 0.084278 0.007469 0.008050
