9 0.517108 0.113546 0.711736 0.053864
6 0.524354 0.474327 0.709114 0.277817
4 0.070760 0.978176 0.016535 0.007178
9 0.328329 0.699076 0.317724 0.011035
9 0.330552 0.712255 0.309663 0.011073
9 0.427057 0.845101 0.515712 0.011830
9 0.425824 0.805626 0.514699 0.011358
9 0.362705 0.739095 0.390346 0.011510
5 0.482618 0.040447 0.005427 0.004987
9 0.323836 0.726135 0.307566 0.011053
9 0.370106 0.765765 0.382278 0.011750
9 0.372017 0.832903 0.397962 0.011368
9 0.372963 0.832477 0.395307 0.010714
9 0.418691 0.872645 0.498112 0.012509
4 0.587754 0.980476 0.005866 0.006273
8 0.516864 0.223464 0.710584 0.178079
9 0.455277 0.858561 0.558761 0.011776
5 0.515775 0.062383 0.016292 0.013044
9 0.522963 0.781958 0.697296 0.229152
