9 0.507588 0.203101 0.326726 0.030010
9 0.680337 0.519237 0.251874 0.046137
9 0.425444 0.902752 0.516657 0.025985
9 0.493082 0.471083 0.665848 0.014255
9 0.638252 0.164807 0.212759 0.014393
9 0.290297 0.164928 0.139677 0.015792
9 0.405987 0.309191 0.494613 0.144960
5 0.508955 0.050966 0.015771 0.013491
4 0.397354 0.998162 0.009642 0.003676
9 0.511884 0.445345 0.702175 0.030554
9 0.439300 0.076754 0.628849 0.014753
9 0.289109 0.116927 0.129337 0.015790
9 0.513888 0.123678 0.607274 0.032432
9 0.586949 0.123790 0.456648 0.033026
