9 0.540863 0.459956 0.688109 0.075503
9 0.538501 0.307073 0.686472 0.075943
9 0.544868 0.729213 0.687311 0.056709
9 0.539927 0.384346 0.687709 0.055037
9 0.542437 0.526574 0.688657 0.037371
9 0.544795 0.787561 0.685506 0.036137
9 0.539255 0.220823 0.689334 0.076523
9 0.535718 0.123113 0.683469 0.039081
9 0.548877 0.872920 0.689415 0.113635
9 0.540261 0.671320 0.680510 0.037542
9 0.541852 0.622335 0.685017 0.037505
9 0.540373 0.574404 0.684680 0.038560
9 0.558950 0.162141 0.686940 0.018475
4 0.865874 0.969473 0.007845 0.019287
