9 0.552892 0.402464 0.689526 0.092492
9 0.551089 0.853675 0.692477 0.110326
9 0.551782 0.735736 0.691871 0.093551
9 0.554368 0.491501 0.690324 0.056417
9 0.554342 0.314014 0.690255 0.055378
9 0.554554 0.242176 0.690440 0.058105
9 0.552878 0.595167 0.689885 0.053857
9 0.552377 0.171427 0.686239 0.056061
9 0.551278 0.654876 0.690806 0.036019
9 0.491206 0.120706 0.550946 0.017665
4 0.530150 0.933593 0.004945 0.007164
5 0.555136 0.069213 0.021143 0.012927
9 0.505853 0.543896 0.508558 0.018798
4 0.257440 0.948544 0.004888 0.006006
