9 0.552413 0.461275 0.689868 0.054665
9 0.550038 0.207037 0.690347 0.057648
9 0.550935 0.330178 0.685422 0.057352
9 0.553696 0.395795 0.684956 0.054877
9 0.552893 0.572880 0.687078 0.055247
9 0.550490 0.140817 0.685636 0.058852
9 0.552462 0.516109 0.686237 0.038128
9 0.554043 0.638121 0.689510 0.054900
9 0.549250 0.721924 0.687273 0.036094
9 0.570757 0.267882 0.640469 0.047696
9 0.550451 0.922032 0.680096 0.037849
9 0.496580 0.684597 0.500218 0.017289
9 0.493269 0.879774 0.485093 0.015095
9 0.547363 0.779950 0.620438 0.018083
9 0.508401 0.836925 0.500360 0.019762
9 0.222262 0.761919 0.006899 0.007519
9 0.551806 0.770919 0.610308 0.035267
4 0.450910 0.984577 0.004673 0.005206
5 0.143366 0.023391 0.005024 0.005352
