9 0.538203 0.316881 0.684010 0.112511
9 0.536740 0.211772 0.682140 0.075974
9 0.543549 0.882237 0.683385 0.075826
9 0.542722 0.796328 0.681861 0.075235
9 0.541147 0.700383 0.679428 0.094935
9 0.535707 0.134731 0.680047 0.059102
9 0.539378 0.624719 0.679661 0.036535
9 0.539312 0.528930 0.682214 0.036094
9 0.539204 0.577146 0.682285 0.036460
9 0.537211 0.481110 0.680884 0.037202
9 0.531579 0.403594 0.693124 0.037692
9 0.397565 0.443067 0.310455 0.017715
4 0.923661 0.976575 0.006818 0.006305
4 0.156380 0.983720 0.004691 0.006936
