9 0.553275 0.733003 0.690939 0.057163
9 0.549936 0.141174 0.685682 0.057890
9 0.550834 0.329138 0.687848 0.056631
9 0.551066 0.245467 0.688795 0.038195
9 0.550775 0.535317 0.686971 0.039433
9 0.550462 0.196651 0.687358 0.039016
9 0.551885 0.666520 0.685272 0.056600
9 0.554195 0.461902 0.692585 0.092362
9 0.552333 0.893187 0.688468 0.036211
9 0.550462 0.583317 0.682382 0.037057
9 0.550379 0.386173 0.688549 0.038136
9 0.547473 0.816508 0.700324 0.091284
4 0.602295 0.956771 0.013078 0.006141
9 0.529815 0.283694 0.571611 0.017605
9 0.533932 0.620749 0.571814 0.017229
5 0.550246 0.069923 0.011838 0.013112
9 0.322502 0.858754 0.238443 0.015295
4 0.589481 0.991864 0.013839 0.009636
