9 0.327385 0.222586 0.249672 0.065324
9 0.341055 0.775685 0.307076 0.012762
9 0.370348 0.900434 0.359600 0.011104
9 0.362197 0.757122 0.348884 0.013250
9 0.501821 0.510858 0.641132 0.016036
9 0.416068 0.535083 0.452443 0.013636
9 0.384664 0.104331 0.403383 0.017525
8 0.548107 0.399162 0.716765 0.148947
9 0.323141 0.738935 0.273446 0.013107
9 0.435661 0.794182 0.494675 0.012495
9 0.537809 0.565168 0.703806 0.032807
9 0.445771 0.867579 0.527336 0.012743
9 0.537933 0.294162 0.230140 0.013629
5 0.538210 0.070794 0.013181 0.012308
9 0.368317 0.488246 0.349499 0.014846
9 0.457498 0.812540 0.569813 0.012569
9 0.439059 0.848857 0.517315 0.013335
7 0.215806 0.718949 0.057055 0.010966
3 0.368317 0.488246 0.349499 0.014846
9 0.295609 0.830571 0.220337 0.012180
9 0.680273 0.196890 0.341617 0.017185
