9 0.536470 0.275462 0.686587 0.096112
9 0.532958 0.141315 0.683866 0.078709
9 0.537895 0.446153 0.683363 0.075210
9 0.537147 0.364583 0.687593 0.058208
9 0.542492 0.712207 0.687320 0.057065
9 0.547261 0.878924 0.689666 0.062997
9 0.541032 0.598952 0.682734 0.040734
9 0.541608 0.650531 0.683836 0.038707
9 0.543833 0.544589 0.686744 0.044332
9 0.530660 0.763739 0.577812 0.019243
9 0.531783 0.779286 0.574631 0.052534
9 0.479625 0.830134 0.461250 0.018141
9 0.345260 0.205948 0.216197 0.017796
9 0.522633 0.508264 0.572635 0.015168
9 0.399130 0.798554 0.303508 0.017167
7 0.345260 0.205948 0.216197 0.017796
5 0.532909 0.062268 0.019556 0.012373
