9 0.551310 0.500892 0.689275 0.054995
9 0.553177 0.565290 0.688834 0.055197
9 0.548333 0.233065 0.689430 0.056879
9 0.552585 0.817981 0.689878 0.056052
9 0.550796 0.713110 0.683468 0.037310
9 0.549785 0.426332 0.688106 0.076507
9 0.551967 0.760008 0.685858 0.037461
9 0.554394 0.904341 0.691919 0.095498
9 0.549670 0.288022 0.690073 0.039605
9 0.548003 0.132692 0.682870 0.036701
9 0.552449 0.651774 0.668723 0.057811
9 0.546830 0.178437 0.684981 0.037332
7 0.550514 0.616188 0.103733 0.014397
9 0.550947 0.346349 0.685793 0.067970
5 0.546924 0.070580 0.011737 0.013030
