9 0.543487 0.708273 0.684937 0.113862
9 0.539512 0.477804 0.684257 0.094310
9 0.534888 0.223585 0.681827 0.095614
9 0.540368 0.623011 0.684374 0.037810
9 0.538863 0.563787 0.682715 0.057301
9 0.545717 0.895910 0.682284 0.060852
9 0.542465 0.793018 0.682374 0.037989
9 0.545502 0.840252 0.681630 0.037755
9 0.537292 0.302841 0.685002 0.035665
9 0.537490 0.392429 0.681567 0.052796
9 0.533510 0.134877 0.685473 0.058300
9 0.533420 0.134880 0.685313 0.058249
4 0.491878 0.973445 0.005217 0.006203
9 0.544760 0.343296 0.612173 0.015374
4 0.492440 0.973513 0.005352 0.006127
