9 0.525935 0.216570 0.683750 0.112393
9 0.522678 0.865385 0.681780 0.055859
9 0.524076 0.440229 0.682282 0.055006
9 0.522800 0.120938 0.675989 0.055757
9 0.522628 0.788026 0.681530 0.075526
9 0.523426 0.711403 0.681213 0.054803
9 0.524684 0.314056 0.679695 0.055410
9 0.524271 0.499159 0.681463 0.034490
9 0.522758 0.546984 0.682775 0.036351
9 0.520893 0.654595 0.681076 0.034755
9 0.377088 0.392053 0.295561 0.016742
9 0.512245 0.364271 0.567668 0.015260
5 0.521060 0.050159 0.018943 0.012386
9 0.494269 0.616694 0.540939 0.015606
9 0.348281 0.585593 0.245016 0.017933
5 0.782216 0.011138 0.005121 0.006114
4 0.660573 0.912172 0.005612 0.006102
5 0.425158 0.017824 0.005359 0.005315
4 0.532944 0.965400 0.019660 0.005790
