9 0.339119 0.817864 0.336781 0.012435
9 0.449259 0.746973 0.588053 0.012921
9 0.352041 0.663047 0.376137 0.011477
8 0.517190 0.419423 0.746691 0.146549
9 0.277489 0.800695 0.216978 0.013311
9 0.399467 0.731324 0.461407 0.012432
9 0.429951 0.696546 0.523059 0.013050
9 0.500846 0.299997 0.686420 0.059982
9 0.381725 0.713811 0.431607 0.011505
9 0.388149 0.765431 0.436006 0.012642
9 0.325673 0.680361 0.313051 0.012237
9 0.430037 0.071707 0.573240 0.017490
9 0.500281 0.234450 0.446867 0.015806
9 0.363000 0.782781 0.387235 0.012427
9 0.607605 0.172562 0.307516 0.016366
7 0.194760 0.631135 0.058223 0.011184
7 0.511111 0.211595 0.106183 0.014656
