9 0.552886 0.348662 0.687640 0.053904
9 0.555009 0.417121 0.689937 0.058574
9 0.552862 0.739935 0.689848 0.091288
9 0.552603 0.846151 0.686830 0.093252
9 0.554631 0.191828 0.684917 0.055894
9 0.550942 0.572193 0.686325 0.057744
9 0.552198 0.631598 0.686595 0.035488
9 0.552963 0.287366 0.687011 0.034196
9 0.553453 0.130161 0.683457 0.037354
9 0.550556 0.479754 0.687770 0.035040
9 0.447365 0.244207 0.387139 0.018014
9 0.447538 0.671122 0.390756 0.017739
9 0.466859 0.521267 0.426662 0.018807
5 0.551595 0.068185 0.020738 0.011808
4 0.353033 0.996750 0.006597 0.005310
