9 0.549086 0.802384 0.682941 0.112851
9 0.535519 0.312931 0.682887 0.079730
9 0.542672 0.668382 0.680529 0.061128
9 0.539880 0.530181 0.683231 0.056924
9 0.550941 0.892281 0.681966 0.038974
9 0.532869 0.242439 0.681126 0.041161
9 0.541487 0.600392 0.682852 0.056489
9 0.536467 0.383652 0.678233 0.040238
9 0.536226 0.467179 0.683614 0.041072
9 0.466273 0.114642 0.470608 0.019383
9 0.525982 0.722070 0.564710 0.018981
9 0.533755 0.192129 0.679646 0.036632
9 0.333803 0.427308 0.183589 0.018144
5 0.529570 0.061418 0.020768 0.013119
4 0.870490 0.990809 0.018290 0.018382
9 0.533124 0.191391 0.675010 0.038022
9 0.548586 0.147020 0.657533 0.020446
