9 0.550799 0.659762 0.688729 0.073719
9 0.550676 0.765166 0.691417 0.113881
9 0.551728 0.556089 0.690483 0.110295
9 0.553306 0.365895 0.690637 0.056173
9 0.550306 0.862164 0.692005 0.054679
9 0.550780 0.422430 0.689403 0.038241
9 0.554132 0.307950 0.691710 0.037437
9 0.550414 0.471382 0.693246 0.036809
9 0.552623 0.167782 0.606629 0.078012
5 0.552415 0.070966 0.023260 0.013263
5 0.120029 0.011720 0.013314 0.005191
9 0.550969 0.256493 0.535583 0.038244
7 0.552879 0.122876 0.100363 0.014500
7 0.550969 0.256493 0.535583 0.038244
