5 0.512549 0.052362 0.015200 0.012741
9 0.528044 0.757737 0.674758 0.014224
3 0.260279 0.350341 0.142300 0.013432
9 0.512270 0.196578 0.379843 0.030823
9 0.485994 0.077315 0.729028 0.015548
3 0.351017 0.708510 0.319302 0.013260
3 0.331476 0.448250 0.281381 0.013599
9 0.464654 0.383212 0.610197 0.014362
9 0.254655 0.595630 0.186363 0.014205
3 0.362527 0.415136 0.346559 0.014518
9 0.701567 0.155705 0.322351 0.016943
3 0.290708 0.301427 0.203099 0.013350
9 0.374937 0.725094 0.361538 0.013421
9 0.423880 0.893244 0.515140 0.027459
9 0.427104 0.900034 0.511372 0.012075
3 0.315930 0.497442 0.252388 0.013607
3 0.312148 0.480790 0.243176 0.013405
9 0.710808 0.795074 0.133835 0.027149
9 0.511699 0.108934 0.361136 0.016421
9 0.407597 0.627897 0.432132 0.013632
3 0.283391 0.464546 0.196892 0.013463
3 0.374937 0.725094 0.361538 0.013421
9 0.514512 0.741282 0.652060 0.013825
9 0.312148 0.480790 0.243176 0.013405
9 0.523612 0.610928 0.686698 0.015167
9 0.315930 0.497442 0.252388 0.013607
3 0.320599 0.660428 0.260836 0.015216
9 0.332566 0.530328 0.348034 0.013597
9 0.225302 0.576595 0.128493 0.013198
3 0.243412 0.285130 0.106385 0.013221
3 0.242903 0.431905 0.109031 0.013305
9 0.709487 0.802943 0.134781 0.011639
9 0.477974 0.551405 0.640889 0.013876
3 0.407597 0.627897 0.432132 0.013632
3 0.523612 0.610928 0.686698 0.015167
3 0.443478 0.367221 0.556249 0.012937
3 0.259672 0.399662 0.137548 0.012861
9 0.331476 0.448250 0.281381 0.013599
9 0.362527 0.415136 0.346559 0.014518
9 0.510957 0.125881 0.229231 0.013925
9 0.240455 0.269068 0.162805 0.013215
3 0.243479 0.318035 0.109898 0.013939
9 0.290708 0.301427 0.203099 0.013350
3 0.332600 0.513546 0.321789 0.013524
9 0.283391 0.464546 0.196892 0.013463
9 0.320599 0.660428 0.260836 0.015216
3 0.464654 0.383212 0.610197 0.014362
3 0.336503 0.513429 0.311781 0.013511
7 0.708265 0.788125 0.107986 0.013881
9 0.351017 0.708510 0.319302 0.013260
