9 0.539897 0.456548 0.690805 0.056507
9 0.535783 0.127689 0.693729 0.069318
9 0.545607 0.682110 0.693511 0.057967
9 0.536797 0.299935 0.693795 0.059672
9 0.539817 0.377547 0.694313 0.079453
9 0.536245 0.200112 0.693069 0.063355
9 0.541408 0.611528 0.693823 0.057632
9 0.540994 0.517284 0.690820 0.041416
9 0.545985 0.762279 0.692556 0.076918
9 0.547414 0.906957 0.685909 0.036340
9 0.544726 0.843551 0.695776 0.056765
9 0.494338 0.560759 0.516386 0.016598
9 0.492014 0.252227 0.514514 0.016841
5 0.873460 0.005323 0.007118 0.009543
