9 0.536301 0.143448 0.684530 0.079607
9 0.535748 0.220151 0.683405 0.060873
9 0.542355 0.532162 0.682776 0.056894
9 0.539367 0.307634 0.687703 0.093244
9 0.539882 0.428751 0.683590 0.037488
9 0.541437 0.477048 0.685000 0.036464
9 0.540004 0.382898 0.685120 0.038400
9 0.541745 0.617373 0.681638 0.036218
9 0.543125 0.665056 0.679325 0.034552
9 0.550181 0.711932 0.692138 0.038714
9 0.570407 0.762318 0.730145 0.067172
9 0.576203 0.821447 0.740601 0.049535
9 0.497595 0.579872 0.507856 0.016156
9 0.573049 0.877681 0.725229 0.045815
