9 0.551135 0.225981 0.689047 0.132091
9 0.545928 0.734510 0.686518 0.094275
9 0.547867 0.457774 0.687542 0.056683
9 0.544603 0.911717 0.691246 0.074016
9 0.549277 0.130344 0.682428 0.036480
9 0.545471 0.611126 0.684021 0.036744
9 0.543712 0.812487 0.684206 0.037212
9 0.544936 0.400698 0.682957 0.037991
9 0.544918 0.659598 0.687080 0.035166
9 0.546966 0.515709 0.685555 0.035236
9 0.545045 0.562925 0.682307 0.037942
9 0.545553 0.349758 0.546703 0.036786
5 0.550318 0.069423 0.020648 0.011471
9 0.550016 0.852217 0.626412 0.020067
7 0.547840 0.323128 0.106499 0.014956
9 0.546500 0.540350 0.683152 0.082432
9 0.256766 0.304602 0.006820 0.006005
