9 0.548954 0.682830 0.692199 0.056279
9 0.551978 0.284735 0.690238 0.037976
9 0.552676 0.233044 0.691962 0.040327
9 0.551773 0.852407 0.689394 0.055688
9 0.551742 0.172645 0.689731 0.054518
9 0.549910 0.495167 0.689581 0.053648
9 0.550434 0.742723 0.686065 0.036565
9 0.551470 0.336919 0.688345 0.036766
9 0.550113 0.792752 0.686420 0.037621
9 0.534573 0.446043 0.577459 0.015314
9 0.509457 0.573894 0.521746 0.018700
9 0.454739 0.545109 0.407315 0.014927
9 0.546406 0.121764 0.596565 0.014987
9 0.531881 0.605696 0.566034 0.015016
9 0.536863 0.634960 0.577069 0.016437
7 0.300380 0.414059 0.098822 0.014294
9 0.321687 0.380423 0.141914 0.017506
9 0.300380 0.414059 0.098822 0.014294
4 0.478841 0.964606 0.008845 0.010186
3 0.321687 0.380423 0.141914 0.017506
4 0.398991 0.947139 0.005368 0.006357
