9 0.552190 0.727140 0.685387 0.075212
9 0.553856 0.558444 0.687850 0.092786
9 0.551564 0.450554 0.685111 0.094923
9 0.551492 0.826832 0.686932 0.094043
9 0.552762 0.361248 0.689911 0.056460
9 0.553770 0.647154 0.689554 0.054942
9 0.552467 0.129745 0.683960 0.039662
9 0.552156 0.180931 0.682726 0.040877
9 0.553122 0.301010 0.684012 0.039072
9 0.571473 0.224661 0.646937 0.019565
9 0.552387 0.301214 0.689824 0.037563
9 0.518854 0.258515 0.537010 0.018422
4 0.125833 0.972898 0.006257 0.006461
4 0.502513 0.937318 0.004931 0.005832
