9 0.544661 0.577022 0.687624 0.095411
9 0.540448 0.181386 0.686177 0.056271
9 0.545356 0.662492 0.688960 0.054147
9 0.539846 0.389010 0.682910 0.037763
9 0.544641 0.727584 0.685265 0.057167
9 0.542394 0.314494 0.692068 0.093420
9 0.538639 0.124801 0.683864 0.037292
9 0.540232 0.238082 0.687704 0.038967
9 0.540492 0.494226 0.683780 0.054258
9 0.541299 0.436527 0.684566 0.037181
9 0.560257 0.792566 0.713932 0.060961
9 0.574676 0.889998 0.738428 0.054993
5 0.533930 0.062461 0.030451 0.011759
9 0.573288 0.848918 0.739059 0.043991
