9 0.521658 0.520802 0.712402 0.064537
9 0.520304 0.624667 0.704326 0.048273
9 0.517014 0.576806 0.699904 0.032046
8 0.516065 0.278825 0.680305 0.373235
9 0.458064 0.676069 0.580566 0.039960
7 0.198468 0.804447 0.057072 0.010864
5 0.515139 0.050061 0.011702 0.013166
9 0.523100 0.912712 0.699570 0.026344
9 0.384267 0.688804 0.438557 0.013765
9 0.466303 0.855260 0.598548 0.011932
9 0.476400 0.828642 0.612491 0.030410
9 0.458915 0.664266 0.585482 0.016256
9 0.462982 0.871931 0.589359 0.011966
9 0.221525 0.075969 0.110874 0.014134
7 0.221525 0.075969 0.110874 0.014134
9 0.398447 0.889000 0.449943 0.011530
