9 0.542219 0.282801 0.693986 0.057974
9 0.537504 0.164548 0.690230 0.056482
9 0.540330 0.223778 0.688899 0.037957
9 0.541997 0.370245 0.691511 0.095068
9 0.544659 0.558909 0.687504 0.037282
9 0.373684 0.600363 0.256762 0.014680
9 0.545612 0.654004 0.689107 0.070336
9 0.501333 0.114622 0.536742 0.019512
9 0.571849 0.810490 0.739449 0.223385
9 0.309459 0.520684 0.130653 0.016907
9 0.540884 0.479432 0.689157 0.036320
9 0.497590 0.109457 0.516051 0.030587
9 0.501944 0.438891 0.530895 0.017748
9 0.551191 0.923156 0.700298 0.044041
