9 0.552212 0.673947 0.690604 0.037608
9 0.547309 0.444493 0.688071 0.041782
9 0.552381 0.721397 0.691075 0.044999
9 0.549688 0.590114 0.686990 0.058988
9 0.471349 0.304544 0.452147 0.017851
9 0.375342 0.638999 0.246639 0.018289
7 0.549920 0.502809 0.201477 0.033840
9 0.560744 0.769044 0.702355 0.042431
7 0.320974 0.124084 0.118865 0.017626
9 0.482331 0.403998 0.473125 0.016553
9 0.321835 0.177765 0.177514 0.016150
9 0.670300 0.176395 0.308938 0.016077
9 0.671809 0.129182 0.418206 0.037450
9 0.427272 0.370651 0.360916 0.017944
9 0.443430 0.337471 0.391556 0.019290
9 0.545425 0.248995 0.440309 0.055473
7 0.376364 0.545090 0.251032 0.019054
7 0.540650 0.229286 0.116835 0.015203
6 0.865217 0.041518 0.109779 0.047384
9 0.376364 0.545090 0.251032 0.019054
7 0.375342 0.638999 0.246639 0.018289
