9 0.367644 0.921857 0.362027 0.011393
9 0.398480 0.103819 0.430666 0.017218
9 0.334706 0.226503 0.271841 0.065954
5 0.539662 0.070447 0.016165 0.013915
9 0.384601 0.455683 0.316869 0.014180
9 0.450178 0.656270 0.450469 0.013790
9 0.355385 0.478458 0.257247 0.014937
9 0.447547 0.849867 0.526417 0.141953
9 0.422040 0.880537 0.480836 0.011660
9 0.455714 0.677942 0.462163 0.015225
9 0.399736 0.609207 0.343456 0.015345
9 0.383454 0.547258 0.312036 0.015655
9 0.450648 0.431647 0.452389 0.015571
9 0.538987 0.274295 0.270903 0.013535
9 0.466083 0.501026 0.479338 0.015107
4 0.596678 0.984250 0.005348 0.006219
