9 0.440692 0.897074 0.537602 0.014774
9 0.534783 0.830338 0.728585 0.147624
9 0.508543 0.168928 0.293699 0.015934
9 0.517320 0.648310 0.692445 0.015463
9 0.417930 0.073443 0.599263 0.017341
9 0.391107 0.830237 0.437923 0.011458
9 0.376394 0.816458 0.410827 0.012000
5 0.506622 0.047429 0.012270 0.013217
9 0.493857 0.119533 0.392254 0.035899
9 0.524050 0.842239 0.724592 0.011657
9 0.361011 0.870972 0.379030 0.012528
9 0.385621 0.580855 0.454470 0.014687
9 0.515707 0.648280 0.699909 0.016536
9 0.357006 0.558292 0.385240 0.013836
7 0.510967 0.213719 0.078256 0.015847
9 0.400120 0.788984 0.463426 0.011545
