9 0.274537 0.190757 0.239138 0.050599
9 0.518212 0.520203 0.703950 0.031868
9 0.364834 0.815064 0.391232 0.011547
9 0.429632 0.744992 0.520554 0.012150
9 0.391135 0.762491 0.444949 0.011773
9 0.367813 0.779879 0.397302 0.012512
9 0.374276 0.727905 0.411458 0.012583
9 0.278831 0.797635 0.219677 0.012434
9 0.415693 0.072476 0.558119 0.017093
9 0.332242 0.677240 0.332976 0.010971
9 0.619363 0.125805 0.356811 0.033156
9 0.355337 0.693774 0.374360 0.012130
9 0.515997 0.480945 0.709983 0.031899
9 0.615667 0.173103 0.309844 0.016164
7 0.188540 0.661219 0.057324 0.011020
9 0.366228 0.490756 0.402520 0.013581
9 0.515886 0.472913 0.722034 0.015908
5 0.511019 0.047055 0.014251 0.012831
5 0.495910 0.047129 0.047915 0.012899
9 0.335046 0.676872 0.333423 0.011641
9 0.372186 0.451398 0.417530 0.013548
9 0.517727 0.441633 0.707222 0.033124
9 0.326146 0.710833 0.323148 0.012474
