9 0.552642 0.480554 0.683774 0.058448
9 0.555568 0.715172 0.686281 0.057095
9 0.553980 0.415583 0.688801 0.057966
9 0.550981 0.304652 0.686150 0.056433
9 0.551862 0.357289 0.682089 0.040912
9 0.554676 0.574695 0.686382 0.058658
9 0.555702 0.631417 0.685092 0.037578
9 0.557575 0.914985 0.685735 0.038547
9 0.549997 0.781362 0.698471 0.057608
9 0.450103 0.528983 0.399886 0.019013
9 0.548346 0.219752 0.682513 0.035769
9 0.557941 0.840696 0.682368 0.045266
9 0.520973 0.256752 0.544940 0.015224
9 0.358368 0.669751 0.201032 0.017068
9 0.356146 0.877718 0.214626 0.016435
9 0.568010 0.150128 0.639805 0.075104
5 0.545977 0.070360 0.009860 0.011932
9 0.699591 0.659826 0.023350 0.007719
4 0.826278 0.984180 0.013534 0.007186
9 0.569659 0.121809 0.646407 0.018376
7 0.358368 0.669751 0.201032 0.017068
