9 0.542615 0.112570 0.711109 0.033205
9 0.544125 0.254560 0.503251 0.033620
9 0.301478 0.159848 0.113057 0.015983
9 0.388293 0.471820 0.406781 0.013213
5 0.542005 0.070916 0.011772 0.012552
9 0.458015 0.453501 0.563569 0.012522
9 0.269439 0.564328 0.170377 0.012368
9 0.655213 0.209984 0.288100 0.014151
9 0.538096 0.894000 0.710949 0.016045
9 0.490769 0.841311 0.638912 0.013266
9 0.401600 0.490229 0.429351 0.013052
9 0.500618 0.360300 0.657197 0.015117
9 0.418902 0.397678 0.480970 0.014340
9 0.283548 0.546268 0.195478 0.013372
9 0.652591 0.159948 0.324761 0.014180
9 0.446170 0.637855 0.543755 0.012007
9 0.443382 0.823121 0.522067 0.013098
9 0.402115 0.342760 0.432358 0.013091
4 0.661638 0.935544 0.004760 0.006249
9 0.437464 0.582098 0.507541 0.015207
5 0.928768 0.016203 0.029301 0.005856
9 0.493568 0.416125 0.631686 0.014078
9 0.493553 0.508621 0.644322 0.013715
9 0.370820 0.766189 0.375646 0.015220
9 0.654633 0.178677 0.208675 0.013013
