9 0.524891 0.138944 0.638526 0.096402
9 0.257577 0.398294 0.132301 0.011331
9 0.320177 0.455550 0.248189 0.011122
9 0.285003 0.384071 0.190154 0.010949
9 0.359060 0.440819 0.333400 0.012188
9 0.287245 0.469005 0.198057 0.011270
9 0.351997 0.426956 0.323714 0.011337
9 0.333332 0.342340 0.284672 0.011041
9 0.330755 0.300403 0.278543 0.010722
9 0.269373 0.369847 0.154689 0.010808
3 0.274565 0.328197 0.162517 0.011313
9 0.364203 0.285945 0.340367 0.012743
6 0.754441 0.307807 0.384274 0.180198
3 0.274430 0.271449 0.161890 0.010391
9 0.257944 0.355858 0.131582 0.011001
9 0.234647 0.226791 0.075909 0.012210
9 0.285171 0.242925 0.184218 0.010235
9 0.336131 0.412773 0.293076 0.012226
3 0.330755 0.300403 0.278543 0.010722
9 0.320309 0.257247 0.254753 0.011070
9 0.274430 0.271449 0.161890 0.010391
3 0.269373 0.369847 0.154689 0.010808
7 0.234647 0.226791 0.075909 0.012210
3 0.321775 0.257373 0.253396 0.011296
9 0.274565 0.328197 0.162517 0.011313
3 0.285003 0.384071 0.190154 0.010949
9 0.321775 0.257373 0.253396 0.011296
5 0.526716 0.049987 0.023215 0.012635
