9 0.529107 0.150335 0.693387 0.097145
9 0.533844 0.237432 0.693609 0.057243
9 0.538989 0.719030 0.692713 0.076044
9 0.532003 0.304911 0.685823 0.057439
9 0.539639 0.787738 0.687681 0.036617
9 0.541154 0.843987 0.689094 0.058094
9 0.536472 0.497620 0.693897 0.096417
9 0.532776 0.574556 0.687527 0.036959
9 0.537864 0.653576 0.693695 0.034138
9 0.534495 0.421985 0.696341 0.036865
9 0.527283 0.894585 0.588143 0.015516
9 0.513510 0.355269 0.568772 0.014933
9 0.551791 0.613153 0.640756 0.018993
9 0.429812 0.925014 0.377960 0.015532
9 0.530735 0.909756 0.577978 0.046078
