9 0.539157 0.163004 0.688715 0.115697
9 0.539646 0.258059 0.688556 0.056964
9 0.544745 0.456703 0.693577 0.131933
9 0.552963 0.919369 0.691197 0.039694
9 0.539177 0.315920 0.682753 0.034913
9 0.540725 0.361466 0.687291 0.039167
9 0.546959 0.859907 0.694642 0.066627
9 0.544915 0.664066 0.680732 0.038471
9 0.549131 0.794853 0.683210 0.056781
9 0.547106 0.724327 0.684261 0.066298
9 0.542775 0.569026 0.684712 0.076110
9 0.545272 0.712307 0.683498 0.039427
9 0.504715 0.626218 0.551665 0.017115
9 0.542964 0.569295 0.687152 0.075930
5 0.745208 0.006318 0.006027 0.006919
