9 0.542649 0.699478 0.687648 0.078096
9 0.532851 0.132033 0.688307 0.058101
9 0.536710 0.318928 0.690220 0.057840
9 0.537884 0.544413 0.685804 0.041280
9 0.546510 0.864361 0.686536 0.060213
9 0.541978 0.769314 0.682594 0.040533
9 0.533923 0.258878 0.683691 0.039622
9 0.540163 0.630697 0.686743 0.037679
9 0.424995 0.437763 0.377555 0.017795
9 0.422300 0.372079 0.377450 0.017703
9 0.427039 0.502506 0.386938 0.017864
9 0.425428 0.470512 0.377499 0.017593
9 0.481589 0.587853 0.484774 0.017187
9 0.424242 0.405032 0.381144 0.017735
9 0.534063 0.207481 0.471502 0.018682
9 0.476798 0.813782 0.533813 0.018092
7 0.533716 0.189250 0.063019 0.014109
