9 0.518687 0.702333 0.680333 0.093571
9 0.518212 0.533372 0.680977 0.055570
9 0.517943 0.889553 0.679558 0.055900
9 0.517161 0.820851 0.679935 0.055466
9 0.516484 0.592734 0.678171 0.036563
9 0.519020 0.137380 0.679006 0.037286
9 0.518226 0.442737 0.678534 0.037606
9 0.517482 0.282008 0.677094 0.035970
9 0.476618 0.210620 0.521142 0.015059
9 0.317124 0.177405 0.184675 0.018021
9 0.300031 0.241336 0.154707 0.014909
9 0.311655 0.096471 0.174386 0.017560
9 0.518704 0.362896 0.679374 0.035422
9 0.290410 0.403233 0.133789 0.015672
9 0.325099 0.322923 0.203745 0.014881
9 0.332649 0.634054 0.220952 0.015078
5 0.520597 0.046214 0.015853 0.013209
7 0.341677 0.772456 0.237729 0.014986
9 0.341677 0.772456 0.237729 0.014986
5 0.045942 0.005608 0.011811 0.010430
5 0.045536 0.005601 0.011385 0.010673
9 0.518021 0.362681 0.678667 0.035698
7 0.332649 0.634054 0.220952 0.015078
9 0.941422 0.544651 0.027534 0.009324
4 0.433180 0.942369 0.005224 0.006944
