9 0.524956 0.114103 0.683296 0.055229
9 0.273013 0.441040 0.187075 0.012445
9 0.277001 0.291173 0.189508 0.010983
9 0.370460 0.396523 0.384742 0.011606
9 0.347186 0.306067 0.328189 0.011378
9 0.256654 0.366225 0.156619 0.011589
9 0.292351 0.351072 0.226061 0.011816
9 0.289013 0.201124 0.212558 0.011132
7 0.223093 0.185301 0.083017 0.012614
9 0.259417 0.321284 0.157895 0.011986
9 0.352683 0.381106 0.342580 0.011787
9 0.330221 0.426655 0.290065 0.011478
9 0.271737 0.336088 0.178403 0.011410
9 0.333365 0.215948 0.302755 0.011252
9 0.270371 0.276008 0.176526 0.011617
9 0.383561 0.246277 0.403357 0.013297
9 0.344244 0.261843 0.315647 0.011154
5 0.522817 0.045417 0.013857 0.012977
9 0.376563 0.411492 0.397523 0.012793
9 0.277975 0.231268 0.190294 0.010655
3 0.289013 0.201124 0.212558 0.011132
6 0.760932 0.259491 0.371952 0.167307
3 0.270371 0.276008 0.176526 0.011617
