9 0.520372 0.403363 0.679632 0.111312
9 0.519100 0.813521 0.680841 0.071860
9 0.520244 0.231796 0.676912 0.073461
9 0.519172 0.499168 0.676779 0.054042
9 0.518771 0.135910 0.694359 0.094121
9 0.521150 0.307168 0.678787 0.055610
9 0.518052 0.746276 0.675744 0.036986
9 0.518660 0.698546 0.675937 0.037337
9 0.519576 0.603370 0.680488 0.036567
9 0.520021 0.555390 0.679855 0.037160
9 0.519234 0.651725 0.680331 0.035517
9 0.513729 0.898168 0.584841 0.018254
9 0.518153 0.651578 0.680086 0.036088
7 0.339077 0.869397 0.229529 0.017771
9 0.339077 0.869397 0.229529 0.017771
5 0.792574 0.074268 0.012601 0.005734
