9 0.519313 0.640865 0.685101 0.073900
9 0.518055 0.346368 0.684835 0.057318
9 0.515685 0.231731 0.681669 0.038014
9 0.518121 0.107031 0.680530 0.038674
9 0.516641 0.575522 0.685611 0.036440
9 0.517284 0.706854 0.682541 0.037806
9 0.517739 0.479459 0.683555 0.037961
9 0.518922 0.527796 0.687577 0.036305
9 0.516565 0.803203 0.682469 0.036034
9 0.517404 0.899809 0.684728 0.034610
9 0.516162 0.184581 0.682719 0.035723
9 0.516249 0.851004 0.684964 0.036994
9 0.289743 0.300371 0.136403 0.015099
9 0.517252 0.432673 0.684687 0.035458
9 0.357664 0.270508 0.273279 0.017489
9 0.517645 0.755144 0.684006 0.036540
9 0.490652 0.146584 0.550350 0.017621
4 0.350293 0.979097 0.005263 0.005405
9 0.521390 0.395960 0.616442 0.015525
5 0.517101 0.047340 0.011294 0.012973
9 0.518571 0.755082 0.684513 0.036577
