9 0.518791 0.688167 0.683365 0.074051
9 0.517902 0.514629 0.684022 0.095526
9 0.517795 0.620465 0.682557 0.037579
9 0.515493 0.893808 0.682517 0.037616
9 0.514736 0.391475 0.680822 0.037218
9 0.516342 0.755283 0.685776 0.037903
9 0.515387 0.312919 0.681434 0.037144
9 0.444192 0.273810 0.449547 0.017643
7 0.343525 0.446474 0.245742 0.019118
9 0.403528 0.352324 0.364117 0.018465
9 0.645360 0.154999 0.306355 0.015588
9 0.330093 0.582032 0.275417 0.017197
9 0.648007 0.106524 0.418088 0.036711
9 0.431083 0.795464 0.422124 0.017496
9 0.478592 0.225196 0.681036 0.016386
9 0.432287 0.023804 0.262455 0.036165
9 0.470225 0.824916 0.500951 0.018109
9 0.453919 0.188330 0.776420 0.091918
9 0.274630 0.855873 0.106522 0.014498
9 0.273462 0.096576 0.149448 0.017037
7 0.515620 0.206540 0.119674 0.014767
