9 0.532791 0.686960 0.684330 0.131015
9 0.538196 0.155944 0.686872 0.172091
9 0.531331 0.560144 0.683075 0.091273
9 0.533471 0.829482 0.686091 0.132493
9 0.532555 0.409724 0.684390 0.054699
9 0.531707 0.351313 0.679925 0.035812
9 0.485117 0.492655 0.499507 0.015820
5 0.738850 0.006920 0.005734 0.006551
7 0.534448 0.262425 0.096610 0.015347
7 0.360251 0.459773 0.250708 0.018550
7 0.530763 0.279402 0.253345 0.017770
4 0.927009 0.947645 0.021911 0.005784
4 0.927410 0.947648 0.021928 0.005826
7 0.358070 0.309397 0.243844 0.019135
4 0.449601 0.995338 0.005879 0.007539
9 0.360251 0.459773 0.250708 0.018550
5 0.523636 0.050785 0.020631 0.013004
9 0.358070 0.309397 0.243844 0.019135
7 0.533717 0.271309 0.254970 0.033790
