9 0.535627 0.160863 0.685080 0.057325
9 0.536192 0.385443 0.684680 0.091922
9 0.536379 0.265354 0.685932 0.073952
9 0.536263 0.094308 0.682746 0.056092
9 0.535353 0.470445 0.682394 0.056391
9 0.534256 0.787966 0.684720 0.052831
9 0.531482 0.732016 0.680908 0.035275
9 0.533346 0.630389 0.679870 0.035194
9 0.434282 0.594718 0.397896 0.015217
9 0.460403 0.695734 0.450275 0.015380
9 0.466447 0.209051 0.461290 0.018902
9 0.467942 0.321210 0.464813 0.017951
9 0.508598 0.862768 0.554353 0.016759
9 0.456105 0.834389 0.443675 0.015178
9 0.530815 0.897384 0.678833 0.035362
5 0.522497 0.047531 0.010874 0.012905
9 0.456001 0.567868 0.439555 0.015645
9 0.438124 0.668283 0.399076 0.015479
4 0.189024 0.965783 0.005608 0.007420
9 0.530410 0.897444 0.680422 0.035265
7 0.534633 0.518681 0.105590 0.014978
9 0.530921 0.536378 0.589050 0.019904
