9 0.528953 0.117159 0.691545 0.054189
9 0.372864 0.392009 0.380695 0.011508
7 0.225955 0.182970 0.081822 0.012757
9 0.357712 0.376776 0.349119 0.012511
9 0.260594 0.362879 0.154455 0.011682
9 0.381399 0.406978 0.394612 0.011947
9 0.281219 0.288035 0.192500 0.011389
9 0.278137 0.437230 0.188544 0.012124
9 0.299207 0.347514 0.222339 0.011891
9 0.294166 0.198383 0.214292 0.011398
5 0.512787 0.051021 0.020814 0.013011
9 0.264874 0.303034 0.156747 0.011412
9 0.363468 0.242701 0.355968 0.012167
6 0.741048 0.256437 0.404740 0.165939
9 0.336146 0.421929 0.295073 0.011043
9 0.276038 0.332600 0.181612 0.011772
9 0.337764 0.213347 0.299563 0.011477
9 0.358288 0.376670 0.345857 0.012368
9 0.281150 0.228595 0.189308 0.010216
9 0.346596 0.258059 0.323583 0.011080
