9 0.534086 0.525631 0.684301 0.074904
9 0.537186 0.797606 0.678271 0.037075
9 0.539055 0.748493 0.688224 0.037732
9 0.536691 0.652140 0.684600 0.036218
9 0.531595 0.290224 0.685946 0.036954
9 0.538579 0.701114 0.688644 0.034813
9 0.310133 0.614608 0.140141 0.014831
9 0.522421 0.905325 0.712684 0.038453
9 0.456469 0.219452 0.447009 0.017340
9 0.519685 0.249851 0.568877 0.018908
9 0.535558 0.852006 0.598535 0.048501
9 0.467865 0.332234 0.467396 0.015174
9 0.360823 0.584051 0.246727 0.018311
9 0.533978 0.189054 0.279094 0.015158
9 0.419986 0.362046 0.369708 0.017224
9 0.302770 0.127796 0.172185 0.016872
9 0.647973 0.131794 0.303094 0.016413
7 0.531167 0.169968 0.122115 0.014811
7 0.362376 0.467054 0.249593 0.017891
9 0.372354 0.868174 0.262981 0.015272
9 0.362376 0.467054 0.249593 0.017891
6 0.899904 0.044827 0.101711 0.053129
9 0.509626 0.392841 0.545868 0.017454
9 0.440248 0.021287 0.260048 0.036624
9 0.649392 0.091466 0.418293 0.036534
9 0.304582 0.081974 0.116778 0.017591
9 0.508052 0.415252 0.544178 0.063097
