9 0.534451 0.789344 0.685584 0.113093
9 0.537211 0.098035 0.683858 0.056867
9 0.534384 0.886751 0.686143 0.054393
9 0.532929 0.627936 0.681861 0.075113
9 0.534997 0.448339 0.686141 0.056580
9 0.537383 0.285854 0.687238 0.095482
9 0.533660 0.210539 0.680839 0.037038
9 0.532613 0.562795 0.684478 0.035115
9 0.490908 0.146537 0.509284 0.015394
9 0.334316 0.713767 0.195210 0.015132
9 0.536247 0.385443 0.676499 0.045126
9 0.500688 0.174092 0.525432 0.015758
9 0.530317 0.525933 0.596164 0.015920
9 0.503040 0.497287 0.543076 0.015175
9 0.452868 0.686041 0.436521 0.016268
5 0.522275 0.051339 0.011876 0.012787
