9 0.536828 0.222506 0.681986 0.075358
9 0.537713 0.136210 0.684118 0.076207
9 0.538002 0.719046 0.684498 0.091405
9 0.535848 0.318260 0.681621 0.092879
9 0.536167 0.434271 0.680852 0.053154
9 0.537511 0.879989 0.682475 0.053510
9 0.535930 0.490678 0.678630 0.034843
9 0.536086 0.538689 0.684706 0.033846
9 0.535397 0.614116 0.680036 0.034064
9 0.537929 0.823140 0.682903 0.034394
9 0.433737 0.575926 0.394157 0.017616
9 0.440987 0.385606 0.404886 0.017625
9 0.356020 0.077443 0.231296 0.019964
9 0.489101 0.652881 0.502148 0.015371
5 0.526294 0.050645 0.012955 0.013502
5 0.920102 0.068874 0.007086 0.009207
9 0.543969 0.785109 0.625147 0.019837
