9 0.535761 0.111066 0.679531 0.072365
9 0.534514 0.822899 0.682216 0.130284
9 0.535277 0.510864 0.685219 0.113194
9 0.535521 0.636789 0.685825 0.110193
9 0.534449 0.373834 0.682300 0.072446
9 0.537328 0.179092 0.681745 0.033610
9 0.535432 0.722818 0.686164 0.037540
9 0.534363 0.228419 0.680404 0.034087
9 0.468188 0.433749 0.466140 0.015082
9 0.556549 0.910222 0.636323 0.017901
9 0.446110 0.314322 0.414795 0.016243
5 0.523089 0.053246 0.012706 0.012747
5 0.082398 0.063368 0.008623 0.013156
9 0.552884 0.911638 0.643965 0.015747
7 0.534609 0.265317 0.098539 0.014636
5 0.083140 0.031730 0.007205 0.008381
9 0.532760 0.283467 0.463375 0.019279
4 0.503418 0.950430 0.006485 0.005927
