9 0.536163 0.462439 0.683784 0.149952
9 0.536242 0.658951 0.686354 0.148741
9 0.533725 0.833462 0.682419 0.110975
9 0.537907 0.164587 0.686056 0.056511
9 0.538942 0.094677 0.685287 0.058108
9 0.535440 0.274798 0.678209 0.073042
9 0.395119 0.756288 0.313374 0.015260
9 0.486652 0.215220 0.496654 0.018726
9 0.361101 0.365762 0.240249 0.015341
9 0.346879 0.560963 0.215432 0.015624
4 0.486510 0.941624 0.005524 0.005354
7 0.346879 0.560963 0.215432 0.015624
9 0.491860 0.334901 0.507267 0.018020
5 0.525555 0.047072 0.012198 0.013353
5 0.740481 0.004996 0.006592 0.007386
