9 0.533799 0.359408 0.686781 0.073892
9 0.535518 0.675128 0.683889 0.073584
9 0.535093 0.210178 0.684284 0.094942
9 0.533221 0.471994 0.682659 0.075081
9 0.534345 0.097559 0.681994 0.056917
9 0.534370 0.852372 0.686483 0.053833
9 0.534016 0.574434 0.688976 0.055620
9 0.533703 0.768178 0.683444 0.037291
9 0.384840 0.415290 0.297226 0.018287
9 0.394405 0.527508 0.313801 0.017846
9 0.386310 0.620550 0.300649 0.017774
9 0.400805 0.144809 0.327888 0.018004
9 0.390139 0.303350 0.307745 0.018609
9 0.409713 0.277622 0.346348 0.015092
9 0.373966 0.805860 0.275849 0.016473
9 0.441995 0.898281 0.413575 0.018653
9 0.444084 0.731785 0.414974 0.017350
5 0.521817 0.051081 0.011604 0.012306
4 0.769784 0.998578 0.068010 0.002738
