9 0.536615 0.224528 0.679836 0.111463
9 0.534745 0.541935 0.679808 0.073010
9 0.534157 0.803175 0.679100 0.075315
9 0.535070 0.417038 0.680068 0.053036
9 0.535671 0.097888 0.681783 0.058138
9 0.533998 0.879044 0.679593 0.056559
9 0.534435 0.348144 0.679389 0.057999
9 0.532430 0.736308 0.676511 0.037007
9 0.532468 0.608194 0.678357 0.036870
9 0.534553 0.472423 0.680832 0.039842
9 0.520605 0.648004 0.571372 0.014829
9 0.334635 0.301556 0.189550 0.015343
9 0.340797 0.147224 0.200727 0.015357
9 0.529279 0.684306 0.546317 0.034045
7 0.340797 0.147224 0.200727 0.015357
