9 0.524958 0.150817 0.765123 0.055652
9 0.525489 0.215341 0.765247 0.056002
9 0.523963 0.279855 0.767826 0.057284
9 0.520751 0.708583 0.768566 0.056209
9 0.521540 0.853202 0.768109 0.056467
9 0.522330 0.598720 0.769015 0.056139
9 0.521702 0.345020 0.765535 0.055944
9 0.522511 0.544415 0.768827 0.034502
9 0.521037 0.654353 0.767042 0.036176
9 0.524051 0.427099 0.768291 0.035394
9 0.522483 0.498002 0.766489 0.036499
9 0.519813 0.907945 0.763105 0.037246
9 0.423846 0.462714 0.445506 0.016509
9 0.177588 0.079144 0.066647 0.017336
9 0.489938 0.390025 0.583727 0.018513
9 0.262914 0.106493 0.120727 0.015631
9 0.421429 0.807529 0.445716 0.017733
9 0.328287 0.755044 0.255257 0.017022
9 0.528903 0.781421 0.686204 0.018531
5 0.526377 0.035295 0.010897 0.011716
7 0.328287 0.755044 0.255257 0.017022
9 0.537718 0.792701 0.678267 0.040911
