9 0.521401 0.631788 0.766433 0.075165
9 0.525284 0.404466 0.770894 0.075826
9 0.520998 0.731720 0.770698 0.056279
9 0.521122 0.859619 0.766687 0.038393
9 0.517933 0.505276 0.760456 0.055743
9 0.520545 0.905659 0.766663 0.036367
9 0.522711 0.340192 0.766064 0.037062
9 0.521322 0.787834 0.763521 0.038186
9 0.524721 0.204481 0.751891 0.037237
9 0.521257 0.295470 0.766994 0.035245
9 0.300483 0.686937 0.204263 0.018260
9 0.370512 0.459379 0.341039 0.019420
9 0.302878 0.576809 0.207887 0.017718
9 0.433789 0.550577 0.472059 0.018612
9 0.681853 0.137120 0.354124 0.019427
9 0.512948 0.258671 0.626688 0.020319
9 0.275492 0.134029 0.216116 0.017738
9 0.254622 0.823430 0.110833 0.019340
9 0.851059 0.033488 0.283393 0.027236
9 0.684351 0.090720 0.455903 0.037558
7 0.276084 0.088729 0.210644 0.036652
7 0.525609 0.175243 0.150938 0.019582
9 0.434712 0.562723 0.470110 0.044753
