9 0.536678 0.233957 0.766455 0.059081
9 0.535501 0.400370 0.765659 0.079419
9 0.534945 0.088743 0.765276 0.039045
9 0.536153 0.289577 0.764191 0.037276
9 0.535376 0.169989 0.765770 0.057283
9 0.536298 0.334378 0.763591 0.038872
6 0.711870 0.562096 0.331730 0.173739
7 0.342456 0.125153 0.258035 0.019533
7 0.198182 0.488853 0.090179 0.013797
9 0.204479 0.640002 0.102582 0.012463
9 0.260719 0.685286 0.214587 0.012098
9 0.302241 0.579420 0.293408 0.012606
3 0.238233 0.564589 0.171239 0.012562
3 0.260719 0.685286 0.214587 0.012098
9 0.243277 0.669985 0.177248 0.012370
9 0.305915 0.609672 0.305646 0.012723
9 0.246530 0.519568 0.187896 0.012294
3 0.243277 0.669985 0.177248 0.012370
9 0.206360 0.504434 0.106749 0.012924
9 0.342456 0.125153 0.258035 0.019533
3 0.278674 0.624716 0.245128 0.013185
9 0.298224 0.549315 0.289000 0.012491
0 0.740364 0.641930 0.155762 0.016644
3 0.204479 0.640002 0.102582 0.012463
9 0.314744 0.654532 0.322168 0.012863
9 0.244738 0.534495 0.181897 0.012530
9 0.238233 0.564589 0.171239 0.012562
9 0.273021 0.594470 0.240515 0.013359
