9 0.537268 0.842014 0.773596 0.123667
9 0.538283 0.738092 0.773038 0.060534
9 0.539144 0.677128 0.772807 0.039902
9 0.540993 0.616261 0.773568 0.060756
9 0.545863 0.224745 0.766550 0.077624
9 0.542780 0.555424 0.773806 0.040575
9 0.545950 0.369017 0.780554 0.068056
9 0.549043 0.493999 0.786696 0.060841
9 0.547519 0.433453 0.779236 0.040954
7 0.540759 0.308950 0.413822 0.020959
9 0.850770 0.033404 0.284080 0.027401
7 0.547941 0.171075 0.150350 0.020328
7 0.284888 0.085740 0.206315 0.037397
9 0.683842 0.087513 0.462029 0.037574
6 0.282889 0.130771 0.187542 0.023536
