9 0.520752 0.619848 0.778147 0.113743
9 0.521162 0.712786 0.777873 0.056373
9 0.518799 0.526591 0.779198 0.055464
9 0.518904 0.832342 0.777396 0.055973
9 0.520025 0.416154 0.776826 0.055931
9 0.520339 0.471233 0.776510 0.037159
9 0.517663 0.203060 0.748903 0.055477
7 0.518482 0.775619 0.159844 0.019352
9 0.518602 0.915051 0.774544 0.034948
9 0.519085 0.353548 0.777691 0.053445
7 0.519161 0.159900 0.154390 0.019087
9 0.467474 0.878462 0.564259 0.017405
9 0.683185 0.116395 0.353987 0.015976
7 0.518197 0.263235 0.387157 0.020020
9 0.523623 0.306931 0.701618 0.018588
7 0.297479 0.078913 0.207497 0.036398
9 0.297362 0.114075 0.202047 0.016865
