9 0.524261 0.414017 0.787374 0.094020
9 0.524879 0.620287 0.784701 0.054241
9 0.527237 0.526863 0.791420 0.112691
9 0.525593 0.259981 0.789284 0.053887
9 0.524013 0.694029 0.787327 0.074395
9 0.526498 0.858744 0.790907 0.131001
9 0.526287 0.086493 0.787413 0.037113
9 0.524186 0.314515 0.783282 0.035792
9 0.525617 0.132296 0.786784 0.036452
9 0.524142 0.178416 0.781877 0.035055
9 0.422949 0.350954 0.486570 0.015225
9 0.515247 0.774394 0.689831 0.018787
9 0.327460 0.748588 0.297935 0.018687
9 0.252066 0.214830 0.145055 0.014993
5 0.525169 0.051198 0.010838 0.011552
