9 0.527733 0.395014 0.792121 0.094821
9 0.525152 0.086211 0.786210 0.038027
9 0.527115 0.710508 0.794634 0.055117
9 0.525222 0.585439 0.785920 0.037695
9 0.524087 0.321121 0.783763 0.036759
9 0.525863 0.906109 0.786934 0.037104
9 0.524090 0.763355 0.786149 0.035767
9 0.524909 0.860764 0.787754 0.036506
9 0.523875 0.631173 0.782664 0.036627
9 0.526870 0.131374 0.784556 0.037715
9 0.523119 0.204548 0.785307 0.036114
9 0.341245 0.826026 0.318448 0.015082
9 0.314458 0.798534 0.270350 0.018410
9 0.523898 0.274866 0.790930 0.039164
9 0.524508 0.504973 0.788271 0.056033
9 0.353062 0.668196 0.347301 0.016820
5 0.524722 0.051053 0.010615 0.010888
9 0.465110 0.168863 0.576737 0.016911
9 0.247807 0.551009 0.138435 0.016176
9 0.527339 0.492383 0.784547 0.080918
9 0.251438 0.240716 0.143791 0.016267
