9 0.524408 0.122811 0.788950 0.055542
9 0.526515 0.808005 0.788490 0.094256
9 0.527406 0.621929 0.792586 0.171740
9 0.525010 0.474392 0.790995 0.055499
9 0.525084 0.213338 0.790160 0.056950
9 0.525620 0.734088 0.787191 0.038070
9 0.524862 0.907672 0.786982 0.038015
9 0.525309 0.269865 0.787238 0.034359
9 0.523910 0.392615 0.789103 0.036326
9 0.272443 0.304534 0.185510 0.016726
9 0.377380 0.331709 0.395510 0.015233
9 0.525866 0.519563 0.706876 0.017351
9 0.421506 0.358063 0.488514 0.015545
9 0.247521 0.873016 0.137177 0.017221
9 0.449786 0.428205 0.550618 0.018567
5 0.524573 0.051286 0.010081 0.011976
9 0.248633 0.168955 0.138243 0.016782
9 0.339278 0.077328 0.320516 0.018435
