9 0.527126 0.160915 0.789921 0.057512
9 0.525247 0.636208 0.790390 0.056779
9 0.526450 0.791771 0.790532 0.056655
9 0.527992 0.096119 0.791582 0.057407
9 0.525759 0.727631 0.788034 0.055753
9 0.525495 0.215699 0.784890 0.037722
9 0.523936 0.572212 0.784033 0.055899
9 0.523280 0.288110 0.788791 0.035799
9 0.525270 0.898932 0.784800 0.037035
9 0.272837 0.837399 0.183782 0.018491
7 0.284486 0.682566 0.209073 0.017997
9 0.382596 0.323679 0.404509 0.018303
9 0.264248 0.473957 0.165936 0.017737
9 0.350480 0.350164 0.339852 0.016713
9 0.471106 0.864320 0.582608 0.016944
9 0.369876 0.447914 0.379889 0.017518
9 0.525155 0.412189 0.786016 0.035808
5 0.524728 0.051160 0.010517 0.011463
9 0.405233 0.252742 0.454504 0.016396
9 0.462411 0.512548 0.564169 0.044201
9 0.262898 0.474829 0.168129 0.015427
9 0.528031 0.377493 0.710710 0.015177
9 0.462867 0.500076 0.572520 0.018769
9 0.284486 0.682566 0.209073 0.017997
