9 0.527478 0.160741 0.791498 0.094428
9 0.526144 0.086376 0.786522 0.037301
6 0.690372 0.303848 0.363453 0.166959
9 0.198147 0.249392 0.116082 0.012389
9 0.194344 0.399636 0.106279 0.011449
7 0.184433 0.233836 0.088605 0.013216
3 0.240534 0.324911 0.197898 0.011783
3 0.227582 0.309888 0.172509 0.011445
5 0.526491 0.051288 0.013683 0.012046
3 0.232920 0.339576 0.180984 0.012222
9 0.196481 0.414770 0.112967 0.011664
3 0.240469 0.369430 0.200296 0.012305
3 0.244606 0.384535 0.207268 0.011779
9 0.266940 0.264703 0.253479 0.011751
3 0.266940 0.264703 0.253479 0.011751
3 0.196481 0.414770 0.112967 0.011664
9 0.244606 0.384535 0.207268 0.011779
