9 0.525968 0.727463 0.792031 0.075944
9 0.524150 0.627919 0.784921 0.055403
9 0.526483 0.791955 0.787441 0.036983
9 0.524053 0.572616 0.783702 0.037697
9 0.524845 0.406277 0.786276 0.055583
9 0.523976 0.351461 0.783951 0.036534
9 0.524365 0.838193 0.789129 0.036902
9 0.526186 0.487365 0.785661 0.037269
9 0.528105 0.216701 0.765684 0.035885
9 0.690993 0.134116 0.333327 0.015364
9 0.282750 0.132846 0.237415 0.016458
9 0.303456 0.873759 0.252606 0.018617
9 0.461154 0.451751 0.572034 0.017326
7 0.312600 0.673224 0.266800 0.018927
9 0.520354 0.292003 0.784933 0.064168
9 0.316101 0.536493 0.274480 0.019154
7 0.525085 0.187252 0.150441 0.018662
7 0.283454 0.086921 0.207262 0.036335
7 0.316101 0.536493 0.274480 0.019154
9 0.312600 0.673224 0.266800 0.018927
9 0.490626 0.269983 0.628282 0.020030
