9 0.524348 0.175256 0.765411 0.078908
9 0.524759 0.095393 0.765582 0.060381
9 0.523889 0.270669 0.769689 0.039538
9 0.525237 0.347059 0.767188 0.038583
9 0.521048 0.396449 0.768418 0.036781
9 0.525618 0.499750 0.766450 0.037279
9 0.523039 0.706308 0.769096 0.038079
9 0.406386 0.669563 0.409046 0.015430
9 0.379128 0.234708 0.352761 0.015359
9 0.404867 0.310323 0.406863 0.015405
9 0.537541 0.550872 0.697841 0.045119
9 0.375117 0.745454 0.345650 0.015454
9 0.533036 0.460690 0.670988 0.019514
9 0.390869 0.565054 0.375585 0.016677
5 0.522747 0.043843 0.024682 0.014498
9 0.523594 0.616738 0.768484 0.064959
9 0.480069 0.434260 0.558297 0.015936
9 0.496722 0.772678 0.595088 0.016029
9 0.521597 0.630275 0.768271 0.037965
9 0.535344 0.537161 0.703168 0.018100
9 0.541493 0.894191 0.681954 0.045087
9 0.537883 0.593715 0.676003 0.015576
9 0.517206 0.822962 0.628980 0.076534
9 0.528818 0.447566 0.655368 0.044731
