9 0.524300 0.864176 0.765622 0.077440
9 0.525184 0.538628 0.766285 0.077889
9 0.524985 0.460796 0.769967 0.057691
9 0.524823 0.210402 0.767241 0.058115
9 0.523320 0.392953 0.763891 0.057995
9 0.523931 0.326019 0.766090 0.056276
9 0.525178 0.683880 0.767351 0.058054
9 0.525235 0.616416 0.768292 0.058570
9 0.523487 0.267876 0.763050 0.036999
9 0.524794 0.084534 0.765840 0.038443
9 0.523515 0.754843 0.760212 0.066125
9 0.524285 0.142198 0.765320 0.058666
9 0.306822 0.807707 0.205969 0.015381
5 0.523801 0.043859 0.011782 0.013792
9 0.524310 0.142330 0.764578 0.058379
