9 0.525336 0.456631 0.765525 0.077992
9 0.524462 0.622308 0.764240 0.058444
9 0.523527 0.379078 0.765238 0.057685
9 0.523710 0.679573 0.766291 0.038650
9 0.522543 0.774794 0.770325 0.037942
9 0.524358 0.888123 0.770201 0.054948
9 0.524092 0.728075 0.766742 0.037237
9 0.527277 0.198006 0.739280 0.056901
9 0.523367 0.544378 0.765546 0.078789
9 0.323196 0.812278 0.241053 0.017650
9 0.522980 0.311474 0.765835 0.057670
9 0.694938 0.128268 0.377419 0.016272
7 0.278507 0.082055 0.218276 0.036365
9 0.540449 0.839532 0.687323 0.018277
9 0.522206 0.296569 0.769446 0.085769
9 0.524784 0.544138 0.768150 0.079176
9 0.514478 0.262830 0.624003 0.019825
9 0.279300 0.126025 0.236050 0.016510
