9 0.525318 0.104302 0.767379 0.078957
9 0.526641 0.239864 0.769927 0.078863
9 0.524526 0.365333 0.767544 0.058429
9 0.524622 0.307402 0.765655 0.038626
9 0.524841 0.171516 0.764808 0.039729
7 0.190195 0.519085 0.089360 0.013489
9 0.524917 0.464419 0.768403 0.062051
6 0.746146 0.599886 0.416306 0.109873
9 0.327173 0.413182 0.248845 0.018125
9 0.240384 0.729454 0.196130 0.012002
3 0.261260 0.639327 0.236478 0.011950
9 0.263604 0.744626 0.243085 0.013300
9 0.257603 0.624220 0.230767 0.012335
9 0.220945 0.684698 0.158580 0.012014
3 0.227989 0.594663 0.169398 0.011447
3 0.272755 0.714496 0.262332 0.012270
9 0.271223 0.699696 0.262146 0.012062
0 0.708211 0.666819 0.176517 0.018081
9 0.295397 0.654197 0.309040 0.012181
9 0.272755 0.714496 0.262332 0.012270
9 0.297526 0.669253 0.310676 0.012027
9 0.230859 0.534167 0.179306 0.011866
3 0.271223 0.699696 0.262146 0.012062
9 0.261260 0.639327 0.236478 0.011950
3 0.242775 0.609493 0.199638 0.010949
5 0.524284 0.043953 0.013645 0.014268
3 0.220945 0.684698 0.158580 0.012014
3 0.257603 0.624220 0.230767 0.012335
9 0.321603 0.571939 0.358909 0.026734
