9 0.525383 0.871246 0.769356 0.101095
9 0.523793 0.367535 0.763867 0.037429
9 0.525214 0.109512 0.766805 0.038592
9 0.522768 0.551973 0.769288 0.035562
9 0.522996 0.505756 0.767556 0.038940
9 0.374627 0.076495 0.343570 0.015319
9 0.368664 0.403013 0.329666 0.015490
9 0.523037 0.322865 0.766462 0.035958
9 0.398507 0.472392 0.393363 0.015172
9 0.378986 0.238919 0.352746 0.016934
9 0.523527 0.436255 0.763496 0.038558
9 0.546456 0.598725 0.688622 0.040567
9 0.498227 0.264062 0.590841 0.015435
9 0.540105 0.288495 0.688386 0.015556
9 0.440683 0.683366 0.474639 0.017840
9 0.489819 0.732383 0.582616 0.017140
5 0.523135 0.043888 0.024817 0.014200
9 0.521742 0.204977 0.766330 0.035806
9 0.523931 0.204895 0.764005 0.036319
9 0.533989 0.756579 0.677888 0.018506
9 0.411124 0.659803 0.416698 0.015113
9 0.478789 0.781950 0.556132 0.015870
9 0.509826 0.707869 0.625316 0.018102
9 0.523456 0.436213 0.764231 0.038584
9 0.537445 0.635957 0.685463 0.015337
9 0.261927 0.806280 0.121255 0.014941
9 0.547112 0.155919 0.715045 0.042343
