9 0.524220 0.885078 0.766976 0.079339
9 0.524579 0.149488 0.769475 0.058101
9 0.362095 0.076090 0.318337 0.015324
9 0.524627 0.647130 0.767074 0.057304
9 0.521216 0.731722 0.768157 0.039689
9 0.423400 0.542784 0.441796 0.015582
9 0.522837 0.477214 0.765217 0.036307
9 0.543988 0.437784 0.692559 0.018463
9 0.452737 0.827084 0.503759 0.016085
9 0.522294 0.262382 0.766263 0.036263
9 0.397173 0.694313 0.395412 0.018563
9 0.391304 0.409666 0.379468 0.018881
9 0.425981 0.513524 0.447884 0.018625
9 0.439987 0.569739 0.479990 0.017936
9 0.430861 0.103258 0.459241 0.015441
5 0.522436 0.043805 0.023472 0.014105
9 0.411771 0.197117 0.419438 0.018081
9 0.445120 0.798345 0.483881 0.018035
9 0.512085 0.770465 0.633126 0.018744
9 0.452010 0.382970 0.499949 0.016835
9 0.544465 0.596983 0.701704 0.019258
9 0.541294 0.299530 0.690521 0.017947
9 0.543653 0.341516 0.685287 0.106966
