9 0.526784 0.504079 0.770661 0.165374
9 0.522892 0.250496 0.764917 0.039590
9 0.523912 0.157166 0.764979 0.040365
9 0.524789 0.204161 0.766533 0.038277
9 0.525101 0.638323 0.766097 0.040126
9 0.521960 0.296693 0.765598 0.039338
9 0.523712 0.759589 0.764926 0.039496
9 0.524489 0.877637 0.765155 0.038797
9 0.524205 0.392388 0.770086 0.038841
9 0.375385 0.604687 0.343059 0.015319
9 0.379005 0.724307 0.354058 0.018450
9 0.525025 0.098695 0.769767 0.065471
9 0.427629 0.700214 0.450315 0.016457
9 0.484680 0.357400 0.567010 0.018521
5 0.522996 0.043801 0.022629 0.014736
9 0.548177 0.332884 0.707775 0.017752
9 0.548891 0.686696 0.699394 0.042770
9 0.524598 0.818446 0.769833 0.064065
9 0.540190 0.674603 0.704723 0.017349
9 0.543285 0.075270 0.704153 0.019346
