8 0.525099 0.817959 0.827351 0.201104
9 0.523354 0.314527 0.767938 0.059000
9 0.525452 0.084117 0.767776 0.039066
9 0.524146 0.260597 0.763339 0.037926
9 0.523293 0.216998 0.765556 0.036534
9 0.526006 0.129477 0.767650 0.037196
9 0.521171 0.575793 0.768789 0.037881
9 0.523374 0.666550 0.767996 0.039206
9 0.523756 0.417285 0.763723 0.035267
9 0.523300 0.173450 0.764973 0.036912
9 0.417212 0.450746 0.427113 0.017253
9 0.513445 0.358402 0.628085 0.018772
9 0.491640 0.541918 0.578064 0.017618
9 0.523747 0.382319 0.651509 0.017950
9 0.472629 0.609382 0.554368 0.018727
9 0.521763 0.508649 0.758830 0.036509
9 0.262766 0.634035 0.119559 0.014782
5 0.522929 0.043489 0.023018 0.013425
9 0.869310 0.705016 0.070529 0.014422
9 0.524135 0.173519 0.765134 0.036798
9 0.529184 0.495072 0.756054 0.063762
