9 0.524084 0.455870 0.765435 0.080348
9 0.524484 0.582810 0.764567 0.055410
9 0.524211 0.717249 0.763093 0.058273
9 0.523647 0.649301 0.764495 0.058584
9 0.524682 0.785835 0.766064 0.056414
9 0.522498 0.525562 0.760638 0.035700
9 0.523425 0.085691 0.764820 0.035974
9 0.524116 0.843626 0.764620 0.038687
9 0.523338 0.160580 0.765248 0.035751
9 0.523604 0.892926 0.765132 0.038731
9 0.399771 0.122360 0.393498 0.017657
9 0.525324 0.297673 0.767775 0.220666
9 0.525586 0.297714 0.768464 0.220986
5 0.523991 0.044228 0.012751 0.015094
9 0.523865 0.297729 0.765871 0.220681
