9 0.525273 0.804303 0.765859 0.076220
9 0.524801 0.716321 0.765081 0.075874
9 0.524011 0.303340 0.765436 0.076158
9 0.525229 0.892055 0.766323 0.075850
9 0.525518 0.459075 0.768007 0.076240
9 0.523495 0.381302 0.764183 0.055975
9 0.524773 0.638624 0.767575 0.056077
9 0.524358 0.525143 0.766240 0.038617
9 0.525595 0.111365 0.767156 0.039468
9 0.523908 0.225426 0.764648 0.055743
9 0.249504 0.178145 0.092186 0.015244
9 0.309706 0.074748 0.213106 0.018608
9 0.249876 0.591408 0.092974 0.015034
9 0.553651 0.151066 0.203978 0.015527
5 0.523741 0.044302 0.011539 0.014372
9 0.553990 0.564513 0.194223 0.015375
