9 0.523876 0.652800 0.764451 0.082524
9 0.524985 0.563649 0.764394 0.082815
9 0.526238 0.845285 0.767839 0.104700
8 0.523231 0.152759 0.786718 0.180372
9 0.524580 0.720642 0.763758 0.040088
9 0.522992 0.496091 0.762719 0.040401
9 0.523566 0.767508 0.764123 0.038896
9 0.522445 0.449706 0.767775 0.039316
9 0.307473 0.415482 0.207112 0.015292
9 0.337737 0.389132 0.270797 0.019010
9 0.522703 0.283023 0.378249 0.035712
9 0.520997 0.340628 0.721074 0.037332
5 0.523563 0.043791 0.011209 0.014045
7 0.522703 0.283023 0.378249 0.035712
7 0.520997 0.340628 0.721074 0.037332
