9 0.524080 0.175378 0.765780 0.082758
9 0.523740 0.096336 0.764199 0.062308
9 0.524613 0.510280 0.767316 0.060928
9 0.524911 0.264230 0.767260 0.082082
9 0.523102 0.602688 0.765408 0.061504
9 0.523171 0.442551 0.762202 0.061326
9 0.522524 0.873789 0.767001 0.039743
9 0.523118 0.826995 0.767026 0.040486
9 0.312585 0.557384 0.217212 0.016554
9 0.462188 0.909504 0.526713 0.018129
9 0.520389 0.709856 0.751857 0.040154
9 0.376159 0.396518 0.347492 0.018897
9 0.520315 0.780948 0.769937 0.038895
9 0.486941 0.675002 0.569762 0.016366
9 0.504663 0.650732 0.608642 0.015556
5 0.523674 0.043863 0.023985 0.014726
9 0.500096 0.372817 0.595964 0.015896
9 0.549306 0.321313 0.698928 0.018601
9 0.516710 0.346741 0.634771 0.018085
9 0.493653 0.385085 0.601732 0.040121
9 0.523187 0.767625 0.772395 0.065125
