9 0.525827 0.169847 0.768542 0.099417
9 0.524477 0.256777 0.765055 0.060116
9 0.524266 0.620710 0.766184 0.039097
9 0.523725 0.562890 0.767953 0.059226
9 0.522937 0.896963 0.768444 0.035926
9 0.522840 0.668119 0.766058 0.038188
9 0.522371 0.424664 0.766567 0.038222
9 0.524119 0.770249 0.759694 0.039282
9 0.381342 0.388113 0.358536 0.015989
9 0.294973 0.305375 0.184445 0.017789
9 0.443702 0.074595 0.481100 0.018558
9 0.490997 0.707189 0.578921 0.015709
9 0.399442 0.515536 0.399321 0.018851
9 0.471924 0.859808 0.543560 0.019321
9 0.363903 0.101921 0.322696 0.018488
9 0.499284 0.333342 0.601010 0.017021
9 0.551658 0.820140 0.702734 0.043846
9 0.488935 0.733587 0.572138 0.017792
9 0.342435 0.359591 0.279149 0.019157
5 0.523045 0.044348 0.024270 0.015046
9 0.506057 0.488088 0.608680 0.074925
9 0.492581 0.489479 0.590252 0.015933
9 0.396103 0.834154 0.386762 0.017505
9 0.513770 0.460373 0.628455 0.019491
9 0.444184 0.087943 0.484853 0.045906
