8 0.527979 0.867229 0.784839 0.103191
8 0.520672 0.398094 0.778004 0.110100
8 0.524494 0.689821 0.785468 0.118089
9 0.524282 0.783822 0.768945 0.037704
8 0.527139 0.174085 0.781490 0.224370
9 0.524161 0.506966 0.764604 0.039163
9 0.523123 0.581473 0.765902 0.040454
9 0.414721 0.310911 0.425443 0.020894
9 0.301509 0.470444 0.192722 0.016967
5 0.522633 0.043189 0.023593 0.012946
9 0.864230 0.619725 0.083563 0.014657
9 0.864177 0.339441 0.082892 0.014533
9 0.398649 0.545464 0.394658 0.017428
7 0.398649 0.545464 0.394658 0.017428
