9 0.525492 0.111348 0.768498 0.095429
9 0.523083 0.231346 0.766277 0.075457
9 0.524105 0.653469 0.768115 0.076803
9 0.523962 0.719238 0.765207 0.038059
9 0.522178 0.866741 0.768866 0.038989
9 0.461169 0.176765 0.515596 0.017497
9 0.454087 0.287100 0.505983 0.018061
9 0.398124 0.830393 0.396691 0.017988
9 0.390955 0.495349 0.379180 0.018227
9 0.522826 0.560082 0.765373 0.036098
5 0.522868 0.044261 0.024296 0.014701
9 0.525975 0.794548 0.769476 0.035360
9 0.522935 0.596649 0.678556 0.018274
9 0.487922 0.905181 0.586776 0.017468
9 0.450227 0.469246 0.499929 0.017450
9 0.543556 0.416030 0.690807 0.075148
9 0.525257 0.351626 0.754056 0.035796
9 0.519254 0.337536 0.768619 0.063931
