9 0.523576 0.558963 0.766177 0.055045
9 0.525779 0.863603 0.768620 0.056148
9 0.523964 0.653355 0.763350 0.056029
9 0.524424 0.748340 0.767691 0.057857
9 0.523890 0.805755 0.765147 0.037211
6 0.287524 0.097809 0.218549 0.113549
9 0.523217 0.390480 0.766164 0.038458
7 0.335757 0.605924 0.267089 0.017833
9 0.459948 0.702159 0.517412 0.015324
9 0.523742 0.241127 0.756273 0.035539
9 0.422489 0.510109 0.437339 0.018744
9 0.370327 0.483302 0.332451 0.017212
9 0.516846 0.202493 0.696042 0.036492
9 0.375952 0.456500 0.345281 0.016243
7 0.524399 0.292285 0.097762 0.015124
9 0.469762 0.428879 0.545051 0.016489
9 0.339046 0.353092 0.272662 0.019101
9 0.675636 0.098915 0.431189 0.036191
5 0.523943 0.044011 0.012224 0.014245
9 0.524242 0.174842 0.120140 0.016632
7 0.526137 0.301695 0.215733 0.034940
7 0.339046 0.353092 0.272662 0.019101
