9 0.526768 0.322055 0.771355 0.122629
9 0.524741 0.085487 0.772713 0.040342
9 0.522243 0.798583 0.767519 0.039739
9 0.526416 0.717572 0.769000 0.059669
9 0.521575 0.182187 0.761548 0.039840
9 0.397189 0.763560 0.392039 0.019063
9 0.424430 0.621769 0.447132 0.015489
9 0.453255 0.122186 0.498378 0.017708
9 0.391741 0.499435 0.379152 0.019002
9 0.446911 0.596135 0.491109 0.018321
9 0.471154 0.218415 0.537004 0.018003
9 0.521135 0.561220 0.760212 0.036824
9 0.465829 0.646100 0.532306 0.018131
9 0.521502 0.846860 0.645139 0.042938
9 0.475351 0.146702 0.551254 0.018843
9 0.548559 0.884208 0.713415 0.019526
9 0.450109 0.475347 0.493394 0.017900
9 0.540440 0.244632 0.702353 0.015450
9 0.545753 0.670798 0.702332 0.018467
9 0.446497 0.860210 0.490925 0.017410
5 0.523937 0.044249 0.012106 0.014597
9 0.544038 0.524623 0.693337 0.018289
9 0.548943 0.428937 0.696666 0.077662
