9 0.522564 0.375204 0.764571 0.038625
9 0.524162 0.085651 0.772781 0.040947
9 0.524198 0.422215 0.767120 0.038144
9 0.524123 0.329349 0.766937 0.037391
9 0.523600 0.467999 0.768498 0.038527
9 0.523814 0.564105 0.764780 0.039123
9 0.397704 0.600591 0.388710 0.015045
9 0.417955 0.293810 0.430968 0.017732
9 0.392895 0.268560 0.383062 0.017643
9 0.523697 0.635051 0.764690 0.039273
9 0.537654 0.912819 0.690177 0.018464
9 0.519832 0.503272 0.642590 0.018110
9 0.439170 0.718284 0.475381 0.015862
9 0.508136 0.197140 0.608752 0.018698
9 0.481395 0.528548 0.554759 0.017353
9 0.522102 0.657391 0.767136 0.087623
9 0.525064 0.233606 0.758164 0.037625
9 0.523340 0.803711 0.765856 0.036389
9 0.514956 0.171895 0.628950 0.017943
9 0.520237 0.682190 0.767376 0.037565
9 0.491468 0.123424 0.587903 0.015300
9 0.516872 0.147676 0.640138 0.016879
9 0.448941 0.888842 0.491099 0.016425
5 0.523566 0.043921 0.023574 0.014722
9 0.395556 0.863667 0.388222 0.017297
9 0.457968 0.838987 0.506919 0.017197
