9 0.524955 0.863236 0.766942 0.136981
9 0.525155 0.199464 0.766806 0.119804
9 0.524590 0.287933 0.765807 0.038290
9 0.522058 0.474197 0.765812 0.058681
9 0.521660 0.681607 0.765820 0.039318
9 0.521914 0.335262 0.765113 0.037887
9 0.521895 0.112430 0.767139 0.037893
9 0.524803 0.624159 0.767223 0.058317
9 0.472080 0.074413 0.545163 0.019467
9 0.463501 0.774215 0.527133 0.018623
9 0.437110 0.372794 0.473465 0.018685
9 0.377416 0.427452 0.351582 0.018524
9 0.482386 0.577580 0.557319 0.017031
9 0.493568 0.551123 0.588611 0.015737
9 0.548665 0.733182 0.701374 0.045422
5 0.522739 0.043953 0.024594 0.014865
9 0.492571 0.401425 0.583261 0.015985
9 0.498197 0.522034 0.607664 0.019475
9 0.391155 0.747436 0.379303 0.017712
