8 0.523048 0.108220 0.772123 0.091870
9 0.526261 0.681026 0.769161 0.093979
9 0.524165 0.506323 0.763961 0.056154
9 0.524108 0.883457 0.765070 0.075998
9 0.524784 0.809088 0.767538 0.056883
9 0.524836 0.214801 0.765346 0.038737
9 0.524311 0.754945 0.765324 0.036517
9 0.523734 0.405820 0.768153 0.037641
9 0.523778 0.560942 0.763415 0.037207
9 0.524268 0.606431 0.764885 0.036950
9 0.522966 0.451579 0.762981 0.036572
9 0.299720 0.178019 0.193071 0.016926
9 0.308612 0.371387 0.210293 0.015198
5 0.523160 0.043914 0.024632 0.014060
7 0.522297 0.293300 0.414308 0.034934
9 0.342590 0.344078 0.280836 0.018434
7 0.342590 0.344078 0.280836 0.018434
7 0.524659 0.283698 0.063858 0.014816
9 0.524167 0.451640 0.762751 0.036178
