9 0.536937 0.778964 0.789893 0.100035
9 0.537953 0.378661 0.793086 0.160887
9 0.535431 0.498376 0.787013 0.059103
9 0.535951 0.203663 0.789435 0.058962
9 0.536010 0.663010 0.789797 0.058378
9 0.536091 0.868034 0.791468 0.060470
9 0.535098 0.107761 0.789811 0.057720
9 0.534647 0.556542 0.788464 0.037908
9 0.535674 0.605055 0.788344 0.038139
9 0.417116 0.251592 0.434808 0.018649
5 0.535091 0.052595 0.012191 0.012656
9 0.517376 0.279754 0.628483 0.017768
9 0.303693 0.156028 0.203897 0.017441
7 0.342795 0.710810 0.281462 0.019416
9 0.342795 0.710810 0.281462 0.019416
7 0.303693 0.156028 0.203897 0.017441
