9 0.535564 0.402600 0.789843 0.056573
9 0.536049 0.467515 0.789847 0.057802
9 0.536148 0.822010 0.789714 0.156056
9 0.538355 0.196807 0.677866 0.034835
9 0.535769 0.524073 0.788371 0.039139
9 0.536524 0.663155 0.788497 0.038131
9 0.654574 0.131914 0.333368 0.016011
9 0.306696 0.727136 0.205538 0.017500
9 0.424526 0.328582 0.449064 0.017980
9 0.535365 0.581142 0.789562 0.055835
9 0.534816 0.291910 0.789574 0.036805
9 0.277384 0.129436 0.223559 0.016267
7 0.533084 0.166439 0.148445 0.018527
9 0.542939 0.355818 0.684937 0.017631
9 0.401415 0.626597 0.399196 0.019454
9 0.514013 0.254931 0.628465 0.019220
9 0.448421 0.700368 0.497038 0.017785
