9 0.537973 0.467827 0.763800 0.124988
9 0.536965 0.580153 0.763309 0.080730
9 0.538700 0.207031 0.763129 0.058955
9 0.537988 0.299500 0.762473 0.061028
9 0.538799 0.138660 0.763781 0.059601
9 0.533962 0.704215 0.761154 0.061699
9 0.538346 0.367290 0.762776 0.060913
9 0.533511 0.818393 0.761857 0.061073
9 0.532780 0.875626 0.763643 0.040851
9 0.534396 0.645551 0.762245 0.041037
9 0.343266 0.092644 0.248977 0.015747
9 0.533631 0.761536 0.762052 0.040062
9 0.292257 0.253257 0.149099 0.015692
5 0.539075 0.052572 0.025539 0.014353
