9 0.531568 0.284523 0.759137 0.124798
9 0.531855 0.385298 0.759979 0.061558
9 0.533086 0.706584 0.759482 0.063544
9 0.531439 0.173134 0.760582 0.083178
9 0.532688 0.788886 0.756927 0.082171
9 0.532440 0.490274 0.760207 0.082410
9 0.533575 0.870037 0.759050 0.063191
9 0.531113 0.647878 0.761373 0.039019
9 0.530023 0.104415 0.759027 0.039870
5 0.528592 0.053511 0.024693 0.013493
7 0.533354 0.578700 0.664889 0.041954
7 0.532568 0.546181 0.064703 0.015903
9 0.530605 0.104414 0.758541 0.040029
7 0.425866 0.432955 0.431959 0.019635
9 0.425866 0.432955 0.431959 0.019635
