9 0.531245 0.123757 0.757838 0.082628
9 0.530061 0.579642 0.760411 0.082461
9 0.530330 0.487395 0.757447 0.082428
9 0.532613 0.333231 0.760612 0.062575
9 0.531665 0.661297 0.765030 0.058952
9 0.529786 0.405105 0.757328 0.061502
9 0.530492 0.791512 0.760406 0.082823
9 0.529337 0.722610 0.761954 0.038270
9 0.531079 0.262862 0.762234 0.060834
9 0.531053 0.872699 0.759622 0.062747
9 0.541563 0.185353 0.667139 0.016450
5 0.530961 0.052430 0.023537 0.013782
9 0.555981 0.212871 0.690651 0.019388
4 0.521782 0.983813 0.011221 0.009703
