9 0.544106 0.391224 0.780411 0.151239
9 0.541789 0.512264 0.778943 0.074277
9 0.543322 0.279045 0.780707 0.056186
9 0.540772 0.585407 0.779524 0.055384
9 0.542121 0.100437 0.777320 0.037460
9 0.540290 0.649748 0.777538 0.055707
9 0.542085 0.145176 0.780243 0.037737
6 0.759608 0.801596 0.211561 0.083176
9 0.258676 0.903621 0.197597 0.011809
9 0.506701 0.208246 0.592228 0.017372
9 0.344925 0.181567 0.263028 0.017419
9 0.552788 0.234275 0.693767 0.018580
7 0.202564 0.693649 0.086809 0.013075
9 0.269331 0.859176 0.220099 0.011276
5 0.543884 0.054049 0.016138 0.014209
9 0.300578 0.813986 0.283196 0.012372
9 0.250635 0.889085 0.185572 0.011755
0 0.762228 0.860768 0.195046 0.014874
9 0.278141 0.798892 0.233863 0.012205
9 0.260588 0.843798 0.201529 0.012862
9 0.258151 0.828980 0.196853 0.011832
9 0.328507 0.874223 0.343521 0.012143
9 0.244993 0.753971 0.170286 0.011687
9 0.307801 0.723343 0.296972 0.043994
9 0.258992 0.783789 0.196211 0.011916
9 0.762090 0.714857 0.277580 0.057490
9 0.229643 0.918503 0.139016 0.012679
9 0.272220 0.768702 0.229168 0.012270
3 0.258151 0.828980 0.196853 0.011832
