9 0.540994 0.637229 0.759148 0.098080
9 0.540970 0.772916 0.759909 0.159469
9 0.543913 0.113920 0.762335 0.060392
9 0.542673 0.390283 0.758407 0.058998
9 0.540302 0.526510 0.757164 0.058071
9 0.542282 0.172844 0.759933 0.036991
9 0.542772 0.290294 0.757597 0.036854
9 0.543687 0.335750 0.757514 0.035880
9 0.541015 0.445579 0.758596 0.040164
9 0.541928 0.243700 0.756757 0.038959
9 0.540217 0.906817 0.757137 0.039107
9 0.525277 0.482690 0.615511 0.015707
9 0.506331 0.572772 0.567039 0.015527
9 0.454961 0.208916 0.471940 0.017662
5 0.542552 0.052656 0.024963 0.014204
7 0.369401 0.870017 0.301110 0.018522
9 0.369401 0.870017 0.301110 0.018522
