9 0.529538 0.499227 0.761271 0.081708
9 0.529581 0.215849 0.761895 0.039564
9 0.530131 0.859801 0.761541 0.061908
9 0.531130 0.148937 0.762080 0.078566
9 0.529478 0.778445 0.761381 0.082687
9 0.529631 0.577173 0.758889 0.059613
9 0.529762 0.647357 0.759631 0.061535
9 0.528445 0.707222 0.758860 0.040172
5 0.528083 0.052750 0.024122 0.013238
7 0.530933 0.381663 0.712619 0.040676
9 0.428704 0.442307 0.440182 0.019230
9 0.540595 0.091427 0.665134 0.018496
7 0.528272 0.311152 0.675095 0.041997
7 0.428704 0.442307 0.440182 0.019230
7 0.529534 0.285150 0.115195 0.015789
7 0.528812 0.347678 0.063770 0.015523
5 0.158120 0.001977 0.041709 0.003859
9 0.528272 0.311152 0.675095 0.041997
