9 0.542170 0.826457 0.760275 0.080124
9 0.542647 0.737427 0.759844 0.079858
9 0.542597 0.463012 0.756509 0.081110
9 0.542040 0.892768 0.757510 0.039484
9 0.544032 0.622224 0.761451 0.039877
9 0.542544 0.669729 0.758785 0.037097
9 0.541272 0.394585 0.756947 0.040503
9 0.543853 0.566644 0.760976 0.058276
9 0.467253 0.359456 0.484308 0.019648
7 0.544154 0.321645 0.211828 0.016706
9 0.545378 0.238983 0.644021 0.038267
7 0.544421 0.164117 0.108761 0.017033
7 0.545044 0.299945 0.099644 0.016112
7 0.327037 0.099536 0.216549 0.037909
9 0.536664 0.248694 0.641203 0.019129
9 0.327037 0.099536 0.216549 0.037909
9 0.544073 0.207245 0.297027 0.015682
9 0.546037 0.185774 0.501281 0.016217
9 0.567361 0.520524 0.693888 0.018213
9 0.544119 0.196439 0.498505 0.036719
