9 0.540033 0.684380 0.759424 0.077679
9 0.538049 0.887171 0.759018 0.079398
9 0.538866 0.800438 0.760145 0.076891
9 0.541851 0.295423 0.759433 0.061604
9 0.540633 0.490899 0.757786 0.058380
9 0.542039 0.558899 0.761018 0.057991
9 0.541522 0.356982 0.757338 0.038641
9 0.541591 0.405891 0.755198 0.037200
9 0.540208 0.616595 0.758937 0.036717
9 0.493105 0.444009 0.541381 0.016164
5 0.542425 0.052157 0.025201 0.014119
9 0.487862 0.189568 0.530148 0.016105
9 0.346020 0.246343 0.245720 0.016524
7 0.544524 0.114126 0.544659 0.062152
9 0.553051 0.217823 0.665720 0.017442
7 0.552846 0.743119 0.659828 0.016411
7 0.543055 0.091836 0.113176 0.015495
