9 0.542798 0.317530 0.761166 0.155915
9 0.540344 0.449896 0.759238 0.086992
9 0.542860 0.115078 0.757890 0.064018
9 0.538178 0.874745 0.761018 0.061086
9 0.541985 0.208541 0.758727 0.041437
9 0.540367 0.586246 0.758440 0.104089
5 0.543137 0.052457 0.023305 0.014396
7 0.439894 0.167673 0.434372 0.018082
9 0.540482 0.801475 0.753098 0.064896
7 0.538746 0.676942 0.063516 0.016307
7 0.539343 0.699988 0.407408 0.021072
7 0.539977 0.724729 0.454781 0.020589
7 0.542445 0.702693 0.459901 0.064521
9 0.555056 0.513899 0.668548 0.019692
