9 0.522075 0.874621 0.758719 0.103595
9 0.528123 0.185922 0.762011 0.060712
9 0.529629 0.114385 0.762119 0.061011
9 0.522704 0.783469 0.759559 0.060225
9 0.525480 0.332193 0.757197 0.039461
9 0.523533 0.382435 0.751324 0.038769
9 0.524091 0.567388 0.758110 0.037626
9 0.522670 0.644816 0.760217 0.037128
9 0.524922 0.517119 0.763038 0.039831
9 0.480285 0.422538 0.548409 0.016243
5 0.528105 0.053449 0.023709 0.013183
9 0.525438 0.721864 0.766472 0.040424
9 0.532245 0.479680 0.651046 0.015969
9 0.394037 0.293191 0.373982 0.016961
9 0.494492 0.606637 0.581610 0.016314
9 0.550730 0.450741 0.705419 0.018202
9 0.525710 0.721919 0.769017 0.040282
4 0.718258 0.946152 0.007039 0.008302
9 0.548572 0.251003 0.684864 0.047878
9 0.544885 0.685094 0.706618 0.023031
9 0.542433 0.265958 0.679943 0.015858
