9 0.542541 0.360753 0.758869 0.125955
9 0.540969 0.867171 0.759484 0.083478
9 0.542871 0.174776 0.759262 0.082391
9 0.543043 0.256568 0.758423 0.062302
9 0.542143 0.785037 0.759525 0.061521
9 0.542345 0.102880 0.759353 0.040932
9 0.539719 0.724020 0.758049 0.040731
9 0.541504 0.496541 0.759118 0.124239
9 0.539730 0.675774 0.760095 0.037318
9 0.519467 0.608346 0.594242 0.016309
9 0.541847 0.496154 0.759493 0.124719
9 0.383123 0.577938 0.319575 0.019214
5 0.541813 0.052726 0.024756 0.013565
9 0.527176 0.635522 0.613262 0.018698
5 0.541862 0.052670 0.025235 0.013541
9 0.525229 0.635857 0.609485 0.017976
