9 0.526683 0.475543 0.759961 0.079480
9 0.523886 0.746017 0.758850 0.078853
9 0.525409 0.553664 0.759599 0.058916
9 0.524762 0.620940 0.758840 0.059357
9 0.529414 0.281933 0.762187 0.059035
9 0.523130 0.823785 0.759103 0.058005
9 0.528156 0.214934 0.761132 0.059232
9 0.526029 0.398225 0.757047 0.059389
9 0.526053 0.340051 0.757954 0.039532
9 0.523218 0.892400 0.762478 0.056085
9 0.523703 0.678594 0.759232 0.037965
9 0.528852 0.143598 0.764163 0.064526
5 0.528288 0.051856 0.023678 0.014117
9 0.548399 0.091305 0.675058 0.019672
