9 0.529576 0.500259 0.760914 0.081800
9 0.529719 0.286989 0.759251 0.082743
9 0.529954 0.111849 0.759895 0.062204
9 0.530466 0.630215 0.759776 0.063091
9 0.529482 0.194075 0.759147 0.083332
9 0.529271 0.378492 0.759954 0.084461
9 0.530316 0.779898 0.760353 0.061688
9 0.530215 0.570418 0.761206 0.040666
9 0.529010 0.692380 0.761341 0.037831
9 0.529128 0.840728 0.759036 0.040908
9 0.453646 0.730464 0.489835 0.019148
9 0.553815 0.879532 0.689307 0.019999
5 0.527930 0.051514 0.024118 0.013919
9 0.502078 0.439472 0.583254 0.018889
