9 0.535615 0.323376 0.760030 0.083251
9 0.533087 0.774821 0.759263 0.102877
9 0.533764 0.394391 0.762773 0.040862
9 0.535004 0.191147 0.760551 0.060875
9 0.534569 0.251092 0.764289 0.042398
9 0.534482 0.102425 0.762209 0.040448
9 0.532475 0.578604 0.761048 0.039889
9 0.531933 0.624934 0.758785 0.040363
9 0.532093 0.670890 0.761495 0.040204
9 0.533186 0.852400 0.758168 0.040169
9 0.534713 0.483248 0.723149 0.020545
7 0.534001 0.456788 0.065290 0.015509
9 0.391664 0.539459 0.356206 0.019485
9 0.509286 0.141310 0.585873 0.019124
7 0.391036 0.707091 0.357451 0.017301
5 0.534836 0.052974 0.011895 0.013547
9 0.391036 0.707091 0.357451 0.017301
