9 0.540186 0.450237 0.762730 0.082106
9 0.539422 0.756692 0.759275 0.104282
9 0.541124 0.160045 0.761050 0.061687
9 0.538439 0.642209 0.762341 0.061708
9 0.542610 0.103903 0.762163 0.037540
9 0.539800 0.321315 0.760691 0.060482
9 0.539964 0.216969 0.757361 0.040040
9 0.540401 0.264210 0.758483 0.039443
5 0.539985 0.052504 0.024621 0.014750
7 0.539602 0.546981 0.253220 0.019851
7 0.540948 0.525821 0.117274 0.015656
9 0.366585 0.688188 0.295430 0.019221
9 0.401909 0.392744 0.366701 0.017344
9 0.494511 0.379261 0.545408 0.043144
7 0.373130 0.595102 0.309575 0.020846
7 0.366585 0.688188 0.295430 0.019221
9 0.491119 0.367373 0.547988 0.018627
4 0.897795 0.974204 0.011003 0.009130
7 0.544069 0.537004 0.255933 0.038868
