9 0.543898 0.248179 0.757028 0.104579
9 0.544127 0.133449 0.757200 0.106399
9 0.539137 0.804713 0.758160 0.062594
9 0.543400 0.449636 0.759933 0.060408
9 0.537727 0.876689 0.759345 0.061412
9 0.540683 0.595115 0.763223 0.040282
9 0.540401 0.330773 0.754911 0.041418
9 0.539770 0.745701 0.758220 0.038870
9 0.540275 0.644792 0.760603 0.040756
9 0.542228 0.694928 0.762460 0.040376
9 0.311418 0.527428 0.177094 0.017422
9 0.339239 0.498726 0.232735 0.018835
9 0.311874 0.555910 0.180331 0.018496
9 0.410626 0.398609 0.376833 0.019204
5 0.544592 0.052655 0.013303 0.015867
9 0.474312 0.370572 0.505558 0.019826
