9 0.539044 0.149167 0.765849 0.083144
9 0.534867 0.671374 0.763349 0.082051
9 0.537950 0.420941 0.763203 0.126303
9 0.533173 0.797137 0.761129 0.103431
9 0.532882 0.885380 0.765157 0.060947
9 0.538595 0.228004 0.762798 0.060756
9 0.537630 0.296126 0.760329 0.060217
9 0.535597 0.593189 0.763502 0.060740
9 0.537074 0.510601 0.765282 0.039658
9 0.291718 0.092841 0.147990 0.015833
9 0.341161 0.343117 0.250265 0.016505
9 0.355706 0.547597 0.283659 0.016094
9 0.357321 0.729338 0.352801 0.016713
5 0.538765 0.052180 0.024928 0.014425
