9 0.542863 0.166775 0.758036 0.169995
9 0.541327 0.574427 0.758988 0.108973
9 0.540010 0.660568 0.757649 0.042111
9 0.540104 0.490114 0.760115 0.038714
9 0.543193 0.359717 0.758258 0.041640
9 0.540138 0.854894 0.761042 0.041412
9 0.540814 0.410264 0.760661 0.040932
9 0.538578 0.907410 0.756404 0.042250
9 0.539722 0.742666 0.760944 0.042883
9 0.326210 0.783632 0.215365 0.019761
9 0.481287 0.449793 0.523241 0.020034
9 0.506128 0.702971 0.571258 0.016487
9 0.309976 0.814292 0.178811 0.017374
9 0.541058 0.311123 0.757065 0.038152
5 0.543622 0.052728 0.023626 0.014256
