9 0.542168 0.186109 0.758461 0.102087
9 0.541731 0.306311 0.759948 0.061396
9 0.538329 0.866561 0.757311 0.083947
9 0.540154 0.778145 0.758976 0.082808
9 0.541375 0.367346 0.758578 0.040588
9 0.543277 0.104290 0.761122 0.038593
9 0.540164 0.699693 0.761478 0.061259
9 0.540377 0.632179 0.762423 0.060336
9 0.388705 0.585395 0.331686 0.018027
5 0.542565 0.053403 0.025067 0.014050
9 0.530291 0.257521 0.624230 0.018659
9 0.540349 0.492324 0.757530 0.059234
9 0.562160 0.408257 0.701677 0.017704
9 0.487859 0.561885 0.537048 0.016322
7 0.543175 0.451821 0.108128 0.016181
7 0.540349 0.492324 0.757530 0.059234
