9 0.539665 0.586276 0.760393 0.057376
9 0.540528 0.389389 0.757466 0.057300
9 0.541034 0.455052 0.759776 0.057316
9 0.540080 0.520871 0.757444 0.056344
9 0.541034 0.112629 0.757284 0.056890
9 0.540719 0.167289 0.757360 0.037788
9 0.536976 0.896723 0.756556 0.062097
9 0.538168 0.732177 0.759762 0.078447
9 0.537155 0.640924 0.756517 0.038022
9 0.539691 0.262339 0.760325 0.039196
9 0.540378 0.307286 0.754416 0.040780
9 0.537819 0.818219 0.758329 0.076696
9 0.448963 0.202702 0.454435 0.017357
9 0.438014 0.227967 0.440281 0.016718
9 0.431277 0.343403 0.418546 0.018453
5 0.541556 0.053391 0.024603 0.014192
9 0.538201 0.818414 0.758886 0.076531
