9 0.542268 0.746748 0.758661 0.125860
9 0.537355 0.145366 0.759250 0.126585
9 0.544077 0.870784 0.759536 0.105200
9 0.539148 0.431846 0.760912 0.085135
9 0.541841 0.579436 0.761053 0.059892
9 0.541079 0.645626 0.757427 0.063092
9 0.540804 0.511760 0.761832 0.059332
5 0.535377 0.053406 0.013120 0.014861
9 0.335136 0.375596 0.233630 0.020731
9 0.538602 0.266701 0.679030 0.039202
7 0.538281 0.239050 0.108578 0.015184
7 0.538043 0.302219 0.064467 0.016168
7 0.335136 0.375596 0.233630 0.020731
9 0.539111 0.325011 0.339501 0.020509
7 0.539111 0.325011 0.339501 0.020509
