9 0.543607 0.267961 0.758398 0.080747
9 0.543512 0.163131 0.758462 0.104264
9 0.539854 0.755460 0.756979 0.061952
9 0.538831 0.855239 0.759396 0.061832
9 0.542307 0.360081 0.758011 0.081224
9 0.542447 0.442568 0.760179 0.061321
9 0.538259 0.503088 0.759458 0.038348
9 0.540502 0.666633 0.757888 0.038765
9 0.337739 0.599330 0.230366 0.016363
9 0.417780 0.706309 0.397944 0.017036
9 0.515629 0.093386 0.606716 0.015901
9 0.520078 0.628646 0.595870 0.016098
9 0.381942 0.570247 0.318338 0.017705
9 0.459159 0.542454 0.476506 0.016927
5 0.543988 0.052755 0.013483 0.014752
9 0.411969 0.806043 0.386056 0.018215
9 0.464356 0.555192 0.480930 0.046869
7 0.411969 0.806043 0.386056 0.018215
