9 0.540975 0.699710 0.760078 0.083596
9 0.542166 0.538153 0.760655 0.108350
9 0.540089 0.848767 0.761063 0.085087
9 0.543895 0.164132 0.761769 0.062249
9 0.541117 0.440288 0.761135 0.063886
9 0.541994 0.623777 0.763852 0.042226
9 0.543182 0.224292 0.759766 0.040981
9 0.540889 0.773635 0.759429 0.041610
9 0.538338 0.376228 0.751933 0.043190
9 0.543901 0.103185 0.761096 0.040553
9 0.546979 0.911819 0.658527 0.018846
7 0.542941 0.286853 0.063927 0.015944
5 0.544098 0.053491 0.013904 0.014994
7 0.542583 0.310513 0.591387 0.021172
