9 0.536135 0.673676 0.743153 0.119083
9 0.535641 0.840831 0.743116 0.065735
9 0.535281 0.503741 0.742598 0.064227
9 0.535425 0.769582 0.740820 0.039297
9 0.535797 0.409862 0.743867 0.043950
5 0.892190 0.045252 0.024447 0.015136
9 0.287431 0.150941 0.205896 0.017515
9 0.409007 0.451559 0.387967 0.018614
9 0.535214 0.255642 0.643350 0.037271
9 0.663989 0.151664 0.344029 0.016077
9 0.348671 0.583619 0.271020 0.019600
9 0.532130 0.357726 0.740759 0.044007
9 0.286745 0.093618 0.125408 0.017435
9 0.457434 0.317719 0.492206 0.020534
9 0.539675 0.246165 0.652709 0.055299
7 0.348671 0.583619 0.271020 0.019600
9 0.532082 0.343110 0.744353 0.072503
5 0.533787 0.043609 0.354523 0.018905
5 0.238910 0.017328 0.377829 0.026492
6 0.023366 0.018990 0.045499 0.036123
