9 0.525511 0.829931 0.766214 0.112609
9 0.524508 0.598761 0.766514 0.073744
9 0.525036 0.726968 0.767530 0.075089
9 0.525315 0.913607 0.766424 0.036926
9 0.524555 0.497973 0.768938 0.056668
9 0.523495 0.664088 0.763945 0.033934
7 0.325968 0.451921 0.272790 0.019351
9 0.521596 0.336604 0.760707 0.037019
9 0.674052 0.143127 0.344026 0.015946
9 0.523209 0.408313 0.762616 0.037951
9 0.281712 0.138101 0.206278 0.017299
9 0.523060 0.229387 0.491628 0.034632
9 0.399345 0.301604 0.425897 0.017471
9 0.436202 0.274854 0.492359 0.018197
9 0.383668 0.373213 0.394246 0.018000
5 0.899209 0.044897 0.013130 0.014830
7 0.281937 0.085319 0.127244 0.018099
9 0.452635 0.544862 0.530693 0.015593
9 0.677460 0.094532 0.448207 0.036089
7 0.452635 0.544862 0.530693 0.015593
7 0.524121 0.199334 0.153099 0.018376
6 0.022434 0.018979 0.044431 0.036160
9 0.281937 0.085319 0.127244 0.018099
5 0.240040 0.017142 0.378599 0.026306
