9 0.523803 0.499831 0.764074 0.130515
9 0.524633 0.827165 0.766269 0.094975
9 0.524469 0.347729 0.765448 0.095783
9 0.524080 0.104880 0.765486 0.056379
9 0.524198 0.676514 0.766451 0.056721
9 0.525050 0.742068 0.765482 0.057270
9 0.523251 0.263845 0.764818 0.055654
9 0.525148 0.198259 0.765613 0.056350
9 0.523063 0.903114 0.764138 0.035955
7 0.315989 0.584021 0.254635 0.018296
9 0.523411 0.620948 0.768990 0.037214
7 0.318406 0.151583 0.257162 0.018498
7 0.347088 0.414033 0.312902 0.019038
5 0.522278 0.043810 0.365397 0.019246
5 0.898703 0.045004 0.012121 0.015393
9 0.523828 0.620940 0.767098 0.037420
7 0.522278 0.043810 0.365397 0.019246
9 0.347088 0.414033 0.312902 0.019038
9 0.318406 0.151583 0.257162 0.018498
