9 0.513345 0.818575 0.789446 0.074714
9 0.513663 0.892113 0.790324 0.057867
9 0.513850 0.526914 0.793107 0.076565
9 0.513743 0.453006 0.790755 0.056780
9 0.513337 0.754008 0.794004 0.037223
9 0.512116 0.399011 0.789930 0.036178
9 0.513241 0.601463 0.789920 0.056399
9 0.513520 0.353564 0.790377 0.036414
9 0.519882 0.217419 0.607908 0.036041
9 0.510118 0.682204 0.782767 0.037753
9 0.648085 0.132076 0.345598 0.015947
9 0.394258 0.646720 0.439849 0.019566
7 0.510587 0.187336 0.149318 0.018956
9 0.486018 0.271630 0.619822 0.020545
9 0.512109 0.294143 0.788307 0.064920
5 0.649309 0.086122 0.459584 0.037142
9 0.246275 0.130706 0.262453 0.017279
7 0.312440 0.718668 0.272751 0.018734
9 0.312440 0.718668 0.272751 0.018734
5 0.236790 0.085444 0.209482 0.036517
9 0.512075 0.666887 0.794446 0.068549
7 0.236790 0.085444 0.209482 0.036517
