9 0.511979 0.252384 0.791164 0.053975
9 0.513766 0.167784 0.792813 0.094066
9 0.513388 0.326982 0.791495 0.078726
6 0.679506 0.505096 0.379025 0.131594
9 0.321621 0.076977 0.286867 0.018361
7 0.161812 0.387864 0.088185 0.012969
0 0.702939 0.575509 0.179836 0.019232
5 0.512994 0.047230 0.014653 0.013511
9 0.202470 0.658632 0.170526 0.012038
9 0.702475 0.404922 0.260314 0.053261
9 0.245903 0.478219 0.255184 0.011449
9 0.219098 0.508358 0.200446 0.011230
9 0.299282 0.456138 0.360566 0.026666
9 0.203475 0.493575 0.168731 0.011276
9 0.201786 0.402954 0.169117 0.012463
