9 0.512771 0.831527 0.789084 0.057376
9 0.513051 0.887408 0.788045 0.037412
9 0.512570 0.776967 0.790808 0.038596
9 0.511530 0.686449 0.788161 0.037985
9 0.517262 0.126506 0.758704 0.035867
9 0.512568 0.732295 0.788403 0.036722
9 0.512544 0.631986 0.791623 0.056010
9 0.734414 0.231754 0.341415 0.016007
5 0.511093 0.047031 0.011678 0.012813
9 0.511908 0.182994 0.493657 0.039560
8 0.529830 0.488084 0.753451 0.272188
9 0.511065 0.289019 0.284450 0.015205
7 0.505333 0.078897 0.080025 0.015266
9 0.515534 0.346516 0.672533 0.016462
