9 0.514595 0.406303 0.793427 0.133818
9 0.513057 0.565184 0.790443 0.112626
9 0.512576 0.105438 0.791561 0.076394
9 0.512969 0.903417 0.790328 0.056717
9 0.511339 0.303913 0.789857 0.057790
9 0.513107 0.839582 0.788991 0.055531
9 0.511736 0.657366 0.787891 0.057108
9 0.512136 0.784238 0.787751 0.037223
9 0.510530 0.223106 0.790538 0.036955
9 0.510684 0.712781 0.787046 0.037500
9 0.434222 0.188106 0.510873 0.017371
9 0.371361 0.748308 0.390010 0.019688
5 0.510988 0.047073 0.012412 0.013336
9 0.453481 0.490739 0.557000 0.018455
9 0.372567 0.259076 0.389596 0.018379
9 0.312187 0.161048 0.269016 0.018917
