9 0.525851 0.863829 0.767598 0.119330
9 0.525123 0.527929 0.767171 0.057577
9 0.524380 0.733136 0.765819 0.078656
9 0.525266 0.602730 0.766545 0.078773
9 0.527600 0.232523 0.758272 0.079206
9 0.525913 0.452387 0.768274 0.077263
9 0.523412 0.667663 0.765473 0.038661
9 0.524436 0.387341 0.764138 0.037708
7 0.524964 0.178133 0.151277 0.019185
9 0.521442 0.342354 0.764658 0.036595
9 0.691160 0.132834 0.390537 0.015738
9 0.297033 0.129345 0.239009 0.016409
9 0.324074 0.788849 0.275257 0.018755
9 0.494728 0.306680 0.622121 0.018829
7 0.297610 0.085230 0.215061 0.037247
