9 0.525125 0.203605 0.767302 0.059650
9 0.525250 0.464094 0.765524 0.079039
9 0.523817 0.551353 0.764584 0.080635
9 0.525248 0.270597 0.766493 0.061025
9 0.524875 0.725502 0.768241 0.057929
9 0.524667 0.386018 0.767995 0.060223
9 0.524811 0.145348 0.766996 0.040424
9 0.525821 0.098256 0.764147 0.039447
9 0.525117 0.329162 0.765782 0.038357
9 0.523821 0.782265 0.764508 0.039255
9 0.524789 0.657619 0.768206 0.058752
9 0.523085 0.782245 0.763790 0.039492
5 0.523462 0.051569 0.010664 0.011425
9 0.524866 0.831225 0.758014 0.036882
9 0.526215 0.891161 0.764639 0.065318
9 0.525970 0.646838 0.768459 0.081564
9 0.530452 0.610349 0.692652 0.018743
