9 0.525243 0.109881 0.768670 0.057374
7 0.184243 0.162055 0.083165 0.012321
6 0.752561 0.259675 0.424321 0.102970
5 0.525728 0.051781 0.014783 0.012453
3 0.203507 0.177234 0.120998 0.011948
3 0.243128 0.240281 0.203122 0.011488
3 0.236849 0.334502 0.190462 0.012155
0 0.720366 0.322594 0.132892 0.017889
3 0.219581 0.302693 0.155655 0.012506
9 0.304564 0.200567 0.328616 0.029205
3 0.244955 0.365757 0.211404 0.011960
3 0.221979 0.349501 0.163089 0.012265
9 0.720839 0.181116 0.360749 0.058333
9 0.203507 0.177234 0.120998 0.011948
3 0.278399 0.287030 0.267818 0.012425
9 0.256934 0.318740 0.229041 0.011584
9 0.261159 0.255522 0.237304 0.012515
3 0.232596 0.224363 0.180153 0.011270
3 0.267641 0.271609 0.248414 0.012225
3 0.219988 0.302742 0.156755 0.012307
3 0.256934 0.318740 0.229041 0.011584
