9 0.528579 0.400005 0.765847 0.102844
9 0.535554 0.797409 0.767274 0.084260
9 0.530905 0.524289 0.767748 0.122590
9 0.527662 0.164761 0.768944 0.081418
9 0.531818 0.635125 0.766878 0.083032
9 0.526531 0.236153 0.768084 0.036779
9 0.532184 0.716542 0.766251 0.060111
9 0.526737 0.319629 0.769190 0.038842
9 0.534031 0.868463 0.771712 0.039583
9 0.565947 0.906846 0.705899 0.019477
9 0.354419 0.107430 0.304009 0.017055
9 0.457693 0.078135 0.522367 0.019876
7 0.388188 0.280570 0.369524 0.019396
9 0.388188 0.280570 0.369524 0.019396
5 0.525546 0.032517 0.012663 0.014623
