9 0.523217 0.127370 0.766790 0.059076
9 0.526210 0.473813 0.765618 0.100388
9 0.523441 0.225847 0.763319 0.060364
9 0.523406 0.286640 0.760476 0.039650
9 0.528360 0.571548 0.766958 0.078198
6 0.700579 0.698032 0.277245 0.143140
9 0.527500 0.571713 0.765758 0.077673
9 0.522579 0.362402 0.761406 0.038586
9 0.485364 0.177908 0.573739 0.015326
9 0.482688 0.403011 0.559358 0.015787
9 0.195812 0.900408 0.096675 0.010640
9 0.240065 0.785574 0.185618 0.011714
9 0.272498 0.771180 0.250978 0.011682
9 0.287951 0.799776 0.280431 0.011625
9 0.304237 0.814056 0.318597 0.012532
9 0.311110 0.756953 0.325378 0.011463
5 0.524692 0.033092 0.018423 0.014998
9 0.333235 0.728909 0.372608 0.011132
9 0.245692 0.858009 0.198199 0.011527
9 0.228078 0.714638 0.166056 0.011411
3 0.225897 0.656851 0.160701 0.011331
9 0.354547 0.077210 0.310029 0.020844
3 0.239708 0.700489 0.191691 0.011184
9 0.259854 0.843404 0.227644 0.011840
3 0.255213 0.671439 0.222632 0.011210
9 0.223263 0.686226 0.157634 0.011545
3 0.228078 0.714638 0.166056 0.011411
9 0.255213 0.671439 0.222632 0.011210
9 0.252672 0.642273 0.215067 0.011269
9 0.184640 0.627479 0.079450 0.010810
3 0.223263 0.686226 0.157634 0.011545
3 0.245692 0.858009 0.198199 0.011527
9 0.239708 0.700489 0.191691 0.011184
7 0.184640 0.627479 0.079450 0.010810
3 0.252672 0.642273 0.215067 0.011269
9 0.236838 0.885693 0.174826 0.011350
9 0.349609 0.870954 0.404119 0.012967
9 0.274453 0.828844 0.256322 0.011645
9 0.311268 0.756890 0.317632 0.011398
