9 0.537079 0.750467 0.767438 0.133251
9 0.531434 0.433017 0.769333 0.063051
9 0.538190 0.879842 0.770796 0.041145
9 0.532808 0.525320 0.770078 0.038477
9 0.408820 0.484887 0.399952 0.019271
9 0.529243 0.279251 0.772481 0.042621
9 0.446809 0.351177 0.485033 0.016956
7 0.535263 0.587005 0.099561 0.015711
9 0.471140 0.321127 0.535589 0.019041
7 0.535242 0.616909 0.215456 0.016562
9 0.348936 0.665565 0.276036 0.020512
9 0.348619 0.839001 0.269573 0.019644
9 0.519570 0.200789 0.665597 0.015722
9 0.677342 0.134843 0.328637 0.016504
7 0.348619 0.839001 0.269573 0.019644
10 0.526743 0.086475 0.768254 0.039014
9 0.457431 0.380772 0.504497 0.018911
9 0.289218 0.134697 0.258027 0.019108
7 0.529146 0.179713 0.126819 0.020563
7 0.348936 0.665565 0.276036 0.020512
7 0.526743 0.086475 0.768254 0.039014
