9 0.530723 0.729595 0.766435 0.058758
9 0.531785 0.904627 0.764423 0.061034
9 0.528890 0.471437 0.766013 0.039638
9 0.530510 0.788119 0.762174 0.040772
9 0.526711 0.324632 0.765748 0.037413
9 0.527263 0.372851 0.762031 0.039288
9 0.527463 0.172980 0.768388 0.143077
9 0.526191 0.273809 0.767003 0.039251
9 0.530317 0.670400 0.771033 0.036847
9 0.528007 0.421832 0.763832 0.039028
9 0.507050 0.631048 0.599255 0.018189
9 0.552206 0.840895 0.683128 0.047617
9 0.530279 0.562767 0.758177 0.042743
7 0.537156 0.526606 0.106756 0.014680
5 0.524749 0.033804 0.013672 0.015568
7 0.530279 0.562767 0.758177 0.042743
9 0.551890 0.078994 0.702850 0.020562
4 0.972701 0.977002 0.009353 0.007560
9 0.328301 0.857520 0.234032 0.015694
9 0.528043 0.421812 0.762433 0.039242
4 0.057987 0.966809 0.009541 0.007309
