9 0.526345 0.698421 0.765476 0.039287
9 0.406988 0.902525 0.503744 0.014799
9 0.446791 0.773345 0.582785 0.015602
9 0.529468 0.846868 0.763218 0.042376
9 0.421393 0.880908 0.525774 0.015628
9 0.294673 0.080331 0.301137 0.019539
9 0.270003 0.531111 0.233508 0.014415
9 0.526882 0.804393 0.766537 0.038745
9 0.334816 0.752509 0.359414 0.015524
9 0.444012 0.730677 0.574739 0.015306
9 0.319991 0.369645 0.309479 0.042923
7 0.191470 0.518053 0.079424 0.012771
9 0.195442 0.667319 0.079249 0.014109
9 0.211396 0.167472 0.130567 0.015473
7 0.195442 0.667319 0.079249 0.014109
9 0.415395 0.539877 0.527718 0.056281
9 0.516890 0.220056 0.765299 0.072486
9 0.228346 0.562411 0.154952 0.013235
