9 0.522230 0.432191 0.778923 0.106586
9 0.519946 0.706984 0.776783 0.092187
9 0.520593 0.596177 0.777771 0.056403
9 0.520168 0.779879 0.778250 0.037932
9 0.521051 0.352998 0.776840 0.037259
9 0.668572 0.143020 0.308132 0.015291
9 0.517775 0.210882 0.615201 0.035272
9 0.516864 0.527985 0.775795 0.063738
9 0.274297 0.141751 0.226112 0.016511
9 0.302244 0.817958 0.215662 0.014694
9 0.365206 0.922250 0.345836 0.015539
7 0.325452 0.642052 0.266735 0.018604
9 0.310816 0.896527 0.237895 0.014671
9 0.377582 0.869995 0.371646 0.016680
9 0.305716 0.843397 0.225485 0.016473
9 0.520415 0.180938 0.153791 0.018848
9 0.517257 0.294097 0.777278 0.064664
9 0.489891 0.271736 0.621713 0.020463
3 0.310816 0.896527 0.237895 0.014671
3 0.377582 0.869995 0.371646 0.016680
3 0.305716 0.843397 0.225485 0.016473
9 0.325452 0.642052 0.266735 0.018604
3 0.365206 0.922250 0.345836 0.015539
7 0.274281 0.092810 0.207555 0.035864
