9 0.527957 0.221335 0.768092 0.059378
9 0.530398 0.600201 0.764595 0.057963
9 0.526968 0.148786 0.770123 0.062925
9 0.527038 0.089106 0.767745 0.040534
9 0.534209 0.799568 0.768278 0.060144
9 0.534969 0.868947 0.766607 0.062188
9 0.528189 0.279257 0.769944 0.039930
9 0.529062 0.434362 0.769583 0.039210
9 0.529516 0.384238 0.766841 0.040529
9 0.532630 0.510617 0.770192 0.043358
9 0.371242 0.472987 0.333644 0.018470
9 0.468482 0.549944 0.523003 0.019405
9 0.446847 0.346905 0.485941 0.015842
7 0.538798 0.688346 0.278383 0.019909
9 0.361153 0.317970 0.312071 0.018045
9 0.538749 0.749014 0.663332 0.019770
7 0.531973 0.663751 0.112935 0.015360
9 0.342568 0.723994 0.267381 0.018789
5 0.526105 0.033049 0.013555 0.015267
