9 0.519621 0.324423 0.777414 0.075646
9 0.519433 0.239944 0.776535 0.074428
9 0.519332 0.122123 0.776779 0.037232
6 0.742384 0.458769 0.396703 0.162167
9 0.304208 0.088220 0.222044 0.014779
9 0.539207 0.185381 0.688360 0.016852
9 0.185569 0.404124 0.107064 0.012056
9 0.214630 0.419199 0.165912 0.011325
5 0.518940 0.052663 0.013400 0.012285
9 0.336213 0.158294 0.286508 0.017763
3 0.235329 0.479665 0.205522 0.011460
3 0.218233 0.464785 0.171131 0.011856
9 0.176582 0.388664 0.089017 0.012717
9 0.206688 0.494281 0.147326 0.011845
9 0.262575 0.449196 0.248285 0.011652
9 0.260304 0.441513 0.257018 0.026522
9 0.188430 0.569217 0.110306 0.011792
9 0.235329 0.479665 0.205522 0.011460
9 0.237329 0.509350 0.207473 0.012416
9 0.243170 0.554319 0.221651 0.011713
9 0.262523 0.434374 0.256535 0.010985
3 0.214630 0.419199 0.165912 0.011325
