9 0.526983 0.109175 0.767759 0.082416
9 0.530392 0.363486 0.768867 0.124024
9 0.528310 0.261266 0.767187 0.061715
9 0.528132 0.190679 0.767023 0.061359
9 0.530222 0.658831 0.767409 0.036747
9 0.535084 0.854502 0.769194 0.041664
9 0.532398 0.706976 0.765427 0.041474
9 0.528117 0.482687 0.763216 0.041228
9 0.534891 0.904628 0.766929 0.040060
9 0.530892 0.532010 0.765940 0.041074
9 0.535433 0.796134 0.767558 0.060629
9 0.529879 0.582356 0.761005 0.039916
9 0.396037 0.622037 0.374661 0.017210
4 0.435762 0.940533 0.009796 0.007455
9 0.542389 0.746745 0.680783 0.018711
9 0.439868 0.445026 0.472537 0.018093
5 0.526689 0.032702 0.011665 0.014453
5 0.525983 0.032578 0.012128 0.015016
