9 0.524655 0.573780 0.773941 0.106294
9 0.517509 0.091194 0.775526 0.042736
9 0.524176 0.476443 0.772444 0.070789
9 0.531938 0.896892 0.771907 0.071676
9 0.520401 0.347315 0.775588 0.072170
9 0.690996 0.209657 0.307656 0.016031
9 0.522111 0.411287 0.772621 0.042686
7 0.523777 0.256474 0.370724 0.020388
5 0.515565 0.032954 0.015934 0.015172
9 0.275275 0.210697 0.251432 0.019312
7 0.294219 0.295160 0.295542 0.019149
9 0.501738 0.644566 0.700673 0.019108
9 0.523777 0.256474 0.370724 0.020388
9 0.467591 0.815918 0.618842 0.019407
9 0.294219 0.295160 0.295542 0.019149
9 0.346397 0.732131 0.383450 0.016207
