9 0.528060 0.100586 0.768036 0.058502
9 0.534880 0.729072 0.768677 0.105637
9 0.532907 0.627074 0.764978 0.081708
9 0.535877 0.829678 0.768397 0.084663
9 0.526469 0.160574 0.763773 0.041747
9 0.531361 0.498294 0.768008 0.060014
9 0.535384 0.901262 0.766643 0.041058
9 0.530386 0.557409 0.763135 0.041321
9 0.529854 0.230538 0.768805 0.082549
9 0.486443 0.450327 0.559047 0.020275
9 0.529912 0.364605 0.751395 0.082672
5 0.527809 0.034183 0.014899 0.014969
7 0.537664 0.314275 0.118725 0.015600
9 0.528995 0.230469 0.768815 0.082619
7 0.529912 0.364605 0.751395 0.082672
4 0.258168 0.997911 0.397741 0.004178
