9 0.536424 0.860004 0.767615 0.130512
9 0.531631 0.506193 0.764322 0.094867
9 0.534038 0.734587 0.768209 0.113109
9 0.532300 0.615721 0.767127 0.113597
9 0.526148 0.204294 0.567594 0.055662
9 0.527334 0.295979 0.759961 0.062839
9 0.278661 0.129791 0.253284 0.019046
9 0.527942 0.371755 0.764472 0.039994
7 0.279303 0.084867 0.206612 0.038342
5 0.841393 0.018995 0.167008 0.015654
9 0.654202 0.130598 0.363111 0.019055
9 0.434915 0.341512 0.492702 0.017510
9 0.527382 0.370810 0.770804 0.038304
7 0.522042 0.163913 0.147454 0.020739
6 0.715694 0.034789 0.063502 0.046286
9 0.529619 0.427221 0.763077 0.056571
