9 0.526703 0.177648 0.767028 0.095463
9 0.528531 0.442056 0.766356 0.098063
9 0.525571 0.093142 0.765077 0.059178
9 0.531489 0.706915 0.763658 0.058102
9 0.529686 0.525505 0.764539 0.057633
9 0.526037 0.260936 0.765588 0.057472
9 0.532875 0.761220 0.764019 0.039595
9 0.532009 0.653026 0.766868 0.038428
9 0.531521 0.606589 0.763567 0.039531
9 0.346660 0.573449 0.277563 0.015797
9 0.375839 0.880284 0.328759 0.019042
9 0.531235 0.836196 0.445994 0.053629
9 0.528189 0.370295 0.761032 0.036582
9 0.366717 0.307996 0.327031 0.016685
9 0.493802 0.848967 0.543341 0.079453
