9 0.527804 0.352204 0.766605 0.133312
9 0.526905 0.157753 0.766939 0.059111
9 0.528594 0.454384 0.761813 0.059500
9 0.526599 0.221816 0.764635 0.060466
9 0.532708 0.655196 0.765398 0.096444
9 0.533710 0.783284 0.765203 0.058236
9 0.528293 0.518389 0.763196 0.059880
9 0.535157 0.847342 0.765155 0.056934
9 0.525090 0.092876 0.765289 0.059751
9 0.534870 0.899892 0.764600 0.039501
9 0.533411 0.729616 0.766103 0.037408
9 0.396788 0.270708 0.389737 0.015995
9 0.558078 0.577306 0.702854 0.046617
9 0.404538 0.591252 0.392175 0.017847
