9 0.530580 0.378123 0.770668 0.097921
9 0.536054 0.604974 0.767991 0.057052
9 0.532774 0.540205 0.765090 0.058012
9 0.539749 0.903002 0.768584 0.077913
9 0.528548 0.200991 0.758605 0.075965
9 0.341964 0.313467 0.271721 0.020404
9 0.318968 0.470570 0.218237 0.016810
9 0.535584 0.686715 0.763873 0.089957
9 0.351528 0.748895 0.278788 0.015879
9 0.422398 0.826179 0.407686 0.016873
7 0.527032 0.153708 0.121041 0.016319
7 0.340408 0.443396 0.266496 0.019261
9 0.434140 0.800178 0.440745 0.016795
9 0.504542 0.850058 0.568847 0.018685
7 0.553701 0.287616 0.209781 0.015421
9 0.531208 0.085332 0.748981 0.041678
7 0.531208 0.085332 0.748981 0.041678
9 0.481050 0.772827 0.542402 0.019534
9 0.325498 0.496808 0.232532 0.016555
7 0.553416 0.278016 0.209934 0.035399
7 0.341964 0.313467 0.271721 0.020404
7 0.551487 0.268625 0.100628 0.015420
9 0.548803 0.649856 0.706478 0.016359
9 0.340408 0.443396 0.266496 0.019261
