9 0.533944 0.641032 0.768016 0.114166
9 0.526580 0.157736 0.768472 0.058850
9 0.529329 0.429384 0.765636 0.058555
9 0.535281 0.865463 0.763528 0.096412
9 0.524866 0.093058 0.764266 0.058489
9 0.526480 0.250138 0.764570 0.055977
9 0.528858 0.340081 0.766937 0.057060
9 0.531500 0.722557 0.766713 0.040720
9 0.531651 0.769482 0.764011 0.039008
9 0.531132 0.484365 0.769024 0.039203
7 0.420893 0.204743 0.436417 0.017326
9 0.529494 0.556032 0.764354 0.039919
9 0.310537 0.386308 0.209753 0.018090
9 0.406541 0.804282 0.392907 0.018595
7 0.436580 0.296084 0.467520 0.016913
9 0.404985 0.522853 0.393645 0.015797
