9 0.531739 0.569583 0.764098 0.096692
9 0.534804 0.652017 0.766103 0.059460
9 0.537302 0.815755 0.767986 0.077615
9 0.529465 0.339463 0.764572 0.058022
9 0.525719 0.193606 0.762845 0.040895
9 0.536009 0.742817 0.767801 0.058586
9 0.531950 0.485682 0.765847 0.059062
9 0.526999 0.275896 0.764889 0.055255
9 0.526708 0.139612 0.763528 0.056597
9 0.528270 0.083041 0.764026 0.040966
7 0.361730 0.699492 0.304922 0.017822
9 0.560541 0.883242 0.697274 0.043662
7 0.529625 0.393525 0.062078 0.015564
9 0.552125 0.229675 0.706288 0.017707
