9 0.530329 0.203429 0.770852 0.191230
9 0.534050 0.643825 0.765150 0.097569
9 0.535181 0.727550 0.763953 0.058413
9 0.532884 0.560185 0.768059 0.059860
9 0.530306 0.394260 0.765652 0.094226
9 0.526403 0.084511 0.769801 0.038691
9 0.532280 0.494384 0.765500 0.061643
9 0.528663 0.322508 0.763675 0.037608
9 0.378538 0.455415 0.368425 0.017448
6 0.739339 0.849353 0.432119 0.153807
7 0.206388 0.790011 0.087322 0.014115
3 0.263815 0.863961 0.202560 0.012098
9 0.215319 0.805272 0.106090 0.012267
5 0.527513 0.054982 0.018693 0.015774
9 0.331809 0.874641 0.340643 0.185833
3 0.252504 0.849923 0.179823 0.012224
