9 0.530115 0.406390 0.766790 0.115017
9 0.527571 0.174756 0.767714 0.077741
9 0.534922 0.666171 0.768341 0.134703
9 0.531616 0.546019 0.767906 0.094278
9 0.528122 0.248845 0.764881 0.057707
9 0.535736 0.883750 0.765767 0.056483
9 0.526539 0.082240 0.762070 0.042659
9 0.528070 0.313261 0.767167 0.057585
9 0.536563 0.829657 0.768388 0.040547
9 0.430656 0.929853 0.436246 0.016199
9 0.304696 0.482463 0.191564 0.017370
7 0.345962 0.120368 0.282883 0.019215
9 0.377672 0.796050 0.327999 0.019575
9 0.345962 0.120368 0.282883 0.019215
7 0.535739 0.750592 0.065563 0.014507
7 0.529261 0.769291 0.442035 0.018179
7 0.304696 0.482463 0.191564 0.017370
9 0.528087 0.313727 0.766645 0.057017
