9 0.533120 0.744143 0.764789 0.076984
9 0.534669 0.825260 0.763382 0.076916
9 0.529007 0.497979 0.763777 0.076110
9 0.527178 0.173197 0.764160 0.119920
9 0.528278 0.258057 0.760711 0.040099
9 0.528896 0.414939 0.765022 0.076353
9 0.526965 0.314297 0.767016 0.057560
9 0.530321 0.642712 0.761990 0.059854
9 0.523862 0.084869 0.754898 0.038509
9 0.533580 0.888479 0.758779 0.038297
9 0.530632 0.586977 0.760146 0.040304
9 0.455519 0.690220 0.491087 0.016705
9 0.353541 0.553851 0.292553 0.017069
9 0.528757 0.923786 0.664939 0.017837
9 0.459468 0.359904 0.511806 0.017954
