9 0.526052 0.145740 0.768044 0.056993
9 0.528103 0.307275 0.765171 0.058061
9 0.534583 0.841247 0.765772 0.057714
9 0.532309 0.690527 0.765008 0.037303
9 0.532335 0.565082 0.763948 0.040391
9 0.525334 0.361284 0.764232 0.042831
9 0.533436 0.788108 0.759003 0.036387
9 0.528569 0.253966 0.766730 0.037442
9 0.494664 0.885322 0.575321 0.018894
9 0.434565 0.101753 0.463177 0.015777
9 0.424805 0.727179 0.424494 0.016778
9 0.401498 0.531119 0.387740 0.018195
9 0.470949 0.451742 0.522127 0.017959
7 0.340062 0.192040 0.273312 0.018790
9 0.351522 0.426183 0.284995 0.017657
9 0.447313 0.505564 0.476618 0.016568
9 0.490547 0.478102 0.568520 0.017690
9 0.360935 0.629439 0.301514 0.017671
9 0.509636 0.751788 0.609090 0.019011
9 0.331491 0.604285 0.242493 0.015871
9 0.380577 0.655967 0.342015 0.017201
9 0.381331 0.629675 0.345162 0.069197
7 0.259582 0.076005 0.108884 0.015506
9 0.452117 0.218944 0.508157 0.015631
9 0.340062 0.192040 0.273312 0.018790
