9 0.530029 0.780978 0.766471 0.095563
9 0.528885 0.570798 0.763333 0.075169
9 0.528760 0.430051 0.765411 0.060218
9 0.526518 0.303300 0.764697 0.057135
9 0.527266 0.367403 0.764840 0.056532
9 0.527083 0.495791 0.764016 0.058795
9 0.530154 0.670561 0.767628 0.058261
9 0.527171 0.084450 0.767443 0.037597
9 0.523065 0.175248 0.761833 0.039111
9 0.524934 0.129491 0.764029 0.037693
7 0.347339 0.625609 0.280793 0.019464
7 0.354006 0.716738 0.294493 0.019011
7 0.350027 0.257600 0.291342 0.020008
7 0.526383 0.231391 0.253204 0.019183
7 0.524103 0.212766 0.120797 0.015440
5 0.524879 0.055879 0.025914 0.015198
