9 0.531278 0.459530 0.766688 0.075084
9 0.537785 0.807146 0.767381 0.113364
9 0.530063 0.384831 0.768363 0.059874
9 0.538202 0.897172 0.763751 0.058691
9 0.532842 0.542556 0.766494 0.077030
9 0.526385 0.139241 0.767247 0.056457
9 0.528554 0.239457 0.769433 0.038883
9 0.527875 0.193255 0.766103 0.038180
9 0.526541 0.083363 0.763772 0.038270
9 0.536192 0.607918 0.768817 0.038814
9 0.534758 0.689651 0.765975 0.056408
9 0.371623 0.339770 0.332717 0.019295
7 0.529721 0.295596 0.562290 0.053987
7 0.528679 0.275702 0.064706 0.014933
9 0.335122 0.735484 0.244863 0.015759
9 0.552119 0.643196 0.718829 0.022787
