9 0.530038 0.504090 0.767558 0.079166
9 0.530961 0.659772 0.766436 0.077540
9 0.527794 0.356231 0.763804 0.076355
9 0.529370 0.430215 0.762181 0.058324
9 0.529334 0.568947 0.769123 0.038814
9 0.528037 0.210661 0.767327 0.057462
9 0.530929 0.724514 0.765412 0.039946
9 0.532633 0.769216 0.764993 0.040505
9 0.525431 0.083781 0.764140 0.039732
9 0.532076 0.894121 0.763095 0.057690
9 0.524909 0.266392 0.761509 0.036436
9 0.533051 0.815136 0.765884 0.038528
7 0.398561 0.606883 0.383922 0.017517
9 0.473622 0.850445 0.536455 0.019038
7 0.423505 0.302949 0.436702 0.017494
7 0.525600 0.121046 0.065368 0.015136
9 0.526047 0.151016 0.662731 0.048435
9 0.423505 0.302949 0.436702 0.017494
