9 0.534976 0.580182 0.768030 0.135976
9 0.529256 0.432509 0.765761 0.059593
9 0.526984 0.094268 0.767809 0.057055
9 0.537250 0.842452 0.758697 0.061374
9 0.539011 0.897929 0.766561 0.037459
9 0.535960 0.780061 0.765875 0.059152
9 0.526829 0.219909 0.765203 0.038591
9 0.531691 0.487857 0.764285 0.039399
9 0.526454 0.175620 0.766590 0.038101
9 0.353764 0.738375 0.280543 0.015648
7 0.529257 0.283428 0.215966 0.015926
9 0.345400 0.139940 0.276100 0.018202
7 0.528879 0.309561 0.064455 0.015582
9 0.535699 0.689675 0.761373 0.059629
9 0.317083 0.389753 0.216075 0.017166
9 0.540389 0.361744 0.675266 0.074997
9 0.535783 0.702389 0.768644 0.034782
9 0.549812 0.663795 0.704038 0.019028
7 0.528039 0.257330 0.113393 0.014991
9 0.367274 0.361751 0.322630 0.019820
7 0.550343 0.334761 0.624425 0.021051
9 0.528039 0.257330 0.113393 0.014991
