9 0.526187 0.176511 0.761169 0.095528
9 0.529254 0.386955 0.766340 0.079113
9 0.530537 0.480015 0.765778 0.095480
9 0.534870 0.836475 0.765685 0.075258
9 0.532197 0.653739 0.765522 0.059042
9 0.531466 0.717716 0.758894 0.058930
9 0.526826 0.093569 0.765178 0.057896
9 0.533091 0.773292 0.766580 0.039412
9 0.529109 0.599620 0.764552 0.040848
9 0.534614 0.908825 0.765508 0.056084
9 0.531528 0.554432 0.765137 0.039713
9 0.528418 0.313848 0.764557 0.057020
9 0.457784 0.241211 0.520149 0.019415
9 0.530435 0.268070 0.681975 0.017566
