9 0.528134 0.370820 0.764765 0.074806
9 0.535394 0.841019 0.767548 0.149377
9 0.526193 0.104083 0.768736 0.075719
9 0.532739 0.710823 0.767046 0.094597
9 0.530449 0.452997 0.768060 0.078546
9 0.527817 0.293990 0.763459 0.061200
9 0.530058 0.519297 0.767647 0.037459
9 0.531886 0.597950 0.760441 0.062731
9 0.527437 0.204477 0.736234 0.057713
7 0.525683 0.167078 0.064404 0.015065
9 0.327412 0.647692 0.237592 0.015550
9 0.560702 0.932676 0.714312 0.015583
7 0.369706 0.249751 0.330013 0.020950
9 0.369706 0.249751 0.330013 0.020950
7 0.527437 0.204477 0.736234 0.057713
