9 0.523006 0.103043 0.765768 0.076952
9 0.532272 0.630498 0.767197 0.059177
9 0.533021 0.693878 0.764919 0.060016
9 0.528231 0.429832 0.762134 0.058292
9 0.525651 0.294559 0.764690 0.058321
9 0.525341 0.239325 0.760218 0.040173
9 0.527092 0.575756 0.769401 0.038597
9 0.534968 0.874413 0.764744 0.056944
9 0.532171 0.794663 0.764354 0.039725
9 0.532155 0.749592 0.767950 0.039180
9 0.530400 0.521685 0.769554 0.057470
9 0.322595 0.919864 0.218710 0.017614
9 0.526000 0.377833 0.766149 0.033744
7 0.423067 0.478116 0.438730 0.017247
7 0.402745 0.832635 0.385534 0.016271
9 0.528170 0.364022 0.757488 0.060959
7 0.525021 0.159290 0.064170 0.015584
9 0.528194 0.366053 0.763160 0.057274
7 0.368678 0.204854 0.331558 0.019461
9 0.402745 0.832635 0.385534 0.016271
9 0.530065 0.521578 0.765967 0.057169
9 0.368678 0.204854 0.331558 0.019461
