9 0.529276 0.404667 0.764908 0.096515
9 0.531776 0.506728 0.764227 0.096524
9 0.528842 0.257410 0.766185 0.056452
9 0.528234 0.319910 0.764154 0.060190
9 0.532689 0.618206 0.763601 0.058624
9 0.536988 0.862637 0.768095 0.058101
9 0.532434 0.672541 0.764353 0.038112
9 0.527197 0.084417 0.765436 0.039022
9 0.526187 0.130553 0.764994 0.038427
9 0.533935 0.773373 0.762604 0.056019
9 0.534031 0.717443 0.762093 0.039951
9 0.320633 0.907853 0.212155 0.017472
7 0.527688 0.166837 0.065362 0.015189
7 0.424185 0.573739 0.429845 0.017387
7 0.443673 0.819070 0.471997 0.016586
