9 0.528136 0.290169 0.764379 0.114970
9 0.527100 0.111055 0.767543 0.099025
9 0.530104 0.392659 0.765620 0.075764
9 0.526433 0.195111 0.763709 0.060609
9 0.534473 0.638164 0.764740 0.077352
9 0.531843 0.537778 0.764583 0.059027
9 0.538554 0.865154 0.766595 0.094520
9 0.535856 0.792569 0.766012 0.038515
9 0.533739 0.747377 0.763145 0.040275
9 0.529430 0.481622 0.763814 0.041152
9 0.534761 0.702912 0.768023 0.038424
9 0.349482 0.448022 0.283672 0.019766
9 0.454411 0.584532 0.488718 0.016983
5 0.526358 0.055751 0.025655 0.015549
