9 0.530182 0.310210 0.776815 0.111938
9 0.529600 0.136111 0.778857 0.111799
9 0.528796 0.403960 0.775467 0.057521
6 0.737612 0.549188 0.497083 0.178411
7 0.193799 0.474722 0.085329 0.013122
9 0.549715 0.235620 0.696396 0.018331
9 0.196575 0.639939 0.108666 0.011410
3 0.240558 0.564954 0.201930 0.012180
9 0.191428 0.595040 0.099107 0.011707
3 0.191428 0.595040 0.099107 0.011707
9 0.207106 0.609852 0.130258 0.012575
9 0.340884 0.209400 0.278721 0.018405
3 0.249684 0.580064 0.216035 0.012085
3 0.228209 0.534438 0.173170 0.012920
3 0.221962 0.489624 0.162865 0.011879
5 0.528266 0.069464 0.012503 0.014268
3 0.207106 0.609852 0.130258 0.012575
3 0.233489 0.624702 0.184211 0.011827
9 0.221962 0.489624 0.162865 0.011879
9 0.250202 0.504546 0.218786 0.012311
