9 0.530324 0.887212 0.779768 0.074183
9 0.529761 0.607464 0.776905 0.056457
9 0.529392 0.436027 0.777438 0.059141
9 0.529140 0.689196 0.774981 0.036561
9 0.529481 0.735328 0.777834 0.035853
9 0.530701 0.214443 0.610475 0.034260
9 0.527228 0.523990 0.774857 0.038756
9 0.527429 0.376539 0.772332 0.038909
8 0.546965 0.813814 0.691047 0.055858
9 0.385020 0.339624 0.366085 0.017577
9 0.399636 0.485192 0.392894 0.019560
9 0.722322 0.769782 0.374565 0.019018
9 0.528822 0.177279 0.150573 0.018854
9 0.338581 0.562323 0.274093 0.018913
9 0.335164 0.653066 0.265200 0.018459
7 0.335164 0.653066 0.265200 0.018459
9 0.274089 0.129352 0.259132 0.017109
9 0.526117 0.290088 0.777702 0.064328
9 0.675948 0.131050 0.356835 0.016116
9 0.514118 0.268193 0.628265 0.019053
7 0.528822 0.177279 0.150573 0.018854
