9 0.525007 0.889386 0.765538 0.075508
9 0.524486 0.524748 0.767890 0.055310
9 0.525707 0.459709 0.768233 0.056575
9 0.524598 0.633952 0.767845 0.095290
9 0.525223 0.789332 0.767848 0.054819
9 0.526392 0.232820 0.744145 0.095930
9 0.524978 0.404857 0.769274 0.036752
9 0.521310 0.707748 0.750007 0.038706
9 0.524307 0.359975 0.766985 0.036141
9 0.409403 0.834563 0.413770 0.018590
9 0.447368 0.744000 0.487601 0.018681
9 0.397303 0.569438 0.395296 0.019506
9 0.514257 0.323180 0.627968 0.020037
9 0.524809 0.135864 0.682629 0.016237
7 0.536422 0.086187 0.727329 0.039023
9 0.284951 0.134611 0.259373 0.018330
9 0.523539 0.175110 0.152766 0.019360
