9 0.525006 0.167743 0.767522 0.093713
9 0.524900 0.306297 0.765392 0.113501
9 0.525685 0.599084 0.769190 0.111084
9 0.523576 0.426104 0.765410 0.055148
9 0.412672 0.232493 0.419876 0.017994
9 0.446649 0.380885 0.485809 0.017724
9 0.201438 0.706663 0.118537 0.011806
9 0.369878 0.076623 0.335231 0.018253
5 0.523732 0.052442 0.014863 0.014667
9 0.193867 0.782658 0.104040 0.012025
3 0.303158 0.737615 0.333396 0.011860
9 0.497232 0.497725 0.581072 0.017162
7 0.186007 0.691000 0.086972 0.013012
3 0.282272 0.722724 0.281050 0.012397
9 0.343702 0.471775 0.283617 0.017952
9 0.201032 0.828031 0.119183 0.012276
3 0.241770 0.797812 0.197873 0.012609
6 0.752474 0.768147 0.455260 0.170356
9 0.349685 0.103882 0.291666 0.017812
9 0.241770 0.797812 0.197873 0.012609
3 0.193867 0.782658 0.104040 0.012025
3 0.211935 0.812965 0.138013 0.012289
3 0.242882 0.767618 0.204787 0.012271
9 0.211935 0.812965 0.138013 0.012289
9 0.282272 0.722724 0.281050 0.012397
3 0.213041 0.752510 0.144152 0.012297
3 0.201032 0.828031 0.119183 0.012276
9 0.242882 0.767618 0.204787 0.012271
9 0.369930 0.090207 0.336719 0.045291
