9 0.524420 0.508255 0.767094 0.065704
9 0.525265 0.719032 0.769841 0.066474
9 0.525107 0.870699 0.767713 0.090742
9 0.524835 0.586196 0.766387 0.065428
9 0.524180 0.374396 0.765955 0.066777
9 0.524806 0.652463 0.766162 0.042735
9 0.522817 0.441928 0.762944 0.041571
9 0.522864 0.227020 0.659643 0.055325
9 0.310358 0.805209 0.211845 0.016966
9 0.449704 0.774153 0.493276 0.018695
9 0.662341 0.134383 0.375298 0.016693
9 0.513556 0.304032 0.624960 0.050801
9 0.274120 0.130442 0.254307 0.017813
9 0.514403 0.288910 0.619331 0.019495
7 0.274735 0.085235 0.217083 0.037910
7 0.522733 0.187195 0.149671 0.018918
9 0.522733 0.187195 0.149671 0.018918
