9 0.525798 0.165450 0.769341 0.122129
6 0.760331 0.359806 0.404555 0.126719
9 0.195034 0.292668 0.107423 0.011723
7 0.334227 0.081702 0.260802 0.018555
3 0.256186 0.351614 0.229285 0.012890
3 0.241883 0.337428 0.199502 0.011490
9 0.295606 0.395541 0.306409 0.012623
9 0.270599 0.484204 0.256152 0.012449
9 0.244867 0.469254 0.205785 0.012263
5 0.524547 0.040790 0.014570 0.015064
9 0.265459 0.439311 0.246384 0.012539
9 0.300250 0.366591 0.317044 0.011993
9 0.285073 0.424976 0.288375 0.011764
9 0.199331 0.277221 0.113494 0.011684
3 0.235394 0.454369 0.183511 0.012401
3 0.199331 0.277221 0.113494 0.011684
9 0.185727 0.248211 0.086875 0.012830
9 0.334227 0.081702 0.260802 0.018555
9 0.227810 0.322621 0.170931 0.011586
9 0.268647 0.307571 0.249626 0.012061
3 0.227810 0.322621 0.170931 0.011586
9 0.235394 0.454369 0.183511 0.012401
3 0.244867 0.469254 0.205785 0.012263
9 0.189955 0.263084 0.096551 0.011216
3 0.268647 0.307571 0.249626 0.012061
9 0.410465 0.497302 0.055264 0.012881
3 0.189955 0.263084 0.096551 0.011216
7 0.185727 0.248211 0.086875 0.012830
9 0.311895 0.410677 0.343058 0.012382
9 0.256186 0.351614 0.229285 0.012890
3 0.300250 0.366591 0.317044 0.011993
