9 0.518891 0.798911 0.755095 0.055305
9 0.524000 0.862768 0.769262 0.056012
9 0.526020 0.545244 0.765184 0.056138
9 0.524670 0.698318 0.769358 0.037485
9 0.523948 0.400657 0.764399 0.036328
9 0.528787 0.201706 0.753830 0.034027
9 0.523928 0.454488 0.768543 0.056382
9 0.454776 0.909736 0.512497 0.015369
9 0.372725 0.337927 0.339529 0.017254
9 0.525732 0.626882 0.770090 0.036616
9 0.523757 0.743570 0.765954 0.037096
9 0.666996 0.126049 0.356920 0.015481
9 0.403829 0.364325 0.402682 0.017889
9 0.401963 0.500193 0.393287 0.018625
9 0.524867 0.288367 0.765910 0.064308
7 0.523604 0.173474 0.149713 0.019375
9 0.265645 0.123008 0.237367 0.016888
7 0.337224 0.590325 0.273115 0.018751
7 0.267355 0.077500 0.209722 0.035895
9 0.335270 0.662670 0.268244 0.018297
9 0.337224 0.590325 0.273115 0.018751
9 0.523198 0.743612 0.766466 0.036948
5 0.267355 0.077500 0.209722 0.035895
9 0.523604 0.173474 0.149713 0.019375
