9 0.526756 0.079649 0.769353 0.034139
9 0.527916 0.213298 0.772542 0.053728
9 0.206879 0.478981 0.136912 0.012345
9 0.291854 0.373820 0.307047 0.012102
9 0.190872 0.298533 0.104795 0.011717
9 0.296149 0.463891 0.319157 0.012073
3 0.239087 0.328916 0.200365 0.011092
3 0.223821 0.313819 0.170955 0.011087
7 0.182570 0.283269 0.088488 0.012482
9 0.210524 0.448961 0.144873 0.011686
9 0.248882 0.388309 0.225515 0.012731
3 0.258647 0.358728 0.238565 0.011958
6 0.768862 0.389374 0.446204 0.130793
9 0.189755 0.418903 0.103540 0.011753
9 0.295626 0.433533 0.312407 0.013402
9 0.258647 0.358728 0.238565 0.011958
0 0.759368 0.456837 0.246574 0.017129
6 0.769951 0.365825 0.438847 0.187508
9 0.518781 0.140639 0.642900 0.017390
9 0.239087 0.328916 0.200365 0.011092
9 0.210890 0.479446 0.145909 0.013902
9 0.254742 0.343559 0.233672 0.012698
9 0.327203 0.114075 0.251251 0.018089
3 0.248882 0.388309 0.225515 0.012731
9 0.223821 0.313819 0.170955 0.011087
9 0.330789 0.411062 0.384612 0.026772
9 0.760140 0.302389 0.274929 0.056089
9 0.520648 0.139660 0.644596 0.072048
3 0.254742 0.343559 0.233672 0.012698
