9 0.526238 0.159294 0.768274 0.102327
9 0.524022 0.251032 0.764866 0.061544
9 0.524507 0.371986 0.764972 0.061994
9 0.524875 0.593122 0.766107 0.060735
9 0.523529 0.900272 0.765457 0.056148
9 0.523801 0.836272 0.767575 0.056617
9 0.523149 0.311226 0.762606 0.039790
9 0.524012 0.653379 0.766168 0.040086
9 0.523703 0.521569 0.765354 0.061087
9 0.520963 0.432659 0.761736 0.039974
5 0.523434 0.051622 0.010862 0.012035
9 0.527464 0.088347 0.682258 0.015375
9 0.494473 0.473368 0.614332 0.015488
9 0.464920 0.766095 0.550157 0.015289
9 0.283593 0.792809 0.187491 0.014742
7 0.547669 0.720871 0.119137 0.015365
9 0.463213 0.778644 0.548076 0.045550
