9 0.524798 0.650218 0.768277 0.157154
9 0.524904 0.882575 0.766022 0.097773
9 0.525862 0.346800 0.769267 0.097988
9 0.523233 0.757942 0.763631 0.036581
9 0.524141 0.804869 0.763882 0.037353
9 0.445945 0.278949 0.487423 0.018469
9 0.293791 0.414776 0.207008 0.017872
9 0.368994 0.524873 0.356890 0.016097
9 0.348532 0.497941 0.316507 0.014764
9 0.459281 0.442748 0.539771 0.015920
9 0.309556 0.551235 0.239997 0.017727
3 0.318535 0.470230 0.257460 0.016125
9 0.318535 0.470230 0.257460 0.016125
7 0.522446 0.252117 0.210384 0.016702
3 0.348532 0.497941 0.316507 0.014764
7 0.525767 0.233436 0.103074 0.015647
