9 0.524474 0.486269 0.767036 0.063454
9 0.526159 0.740225 0.771960 0.063172
9 0.524613 0.665857 0.767394 0.062147
9 0.522089 0.551185 0.763347 0.038605
9 0.522743 0.602275 0.765017 0.039901
9 0.523679 0.803848 0.763544 0.040825
9 0.524164 0.424113 0.765606 0.038670
9 0.523414 0.856722 0.767981 0.039505
9 0.524574 0.212513 0.586231 0.036662
9 0.392649 0.382156 0.391513 0.017518
9 0.524613 0.897602 0.662830 0.017520
9 0.687253 0.135590 0.389241 0.016208
9 0.521863 0.310718 0.773711 0.100261
7 0.523791 0.176523 0.150727 0.018874
9 0.273258 0.133795 0.243210 0.018874
9 0.513047 0.269843 0.629964 0.019822
9 0.523791 0.176523 0.150727 0.018874
6 0.921260 0.049563 0.068884 0.038848
9 0.533792 0.301663 0.660988 0.015708
9 0.519614 0.339663 0.765097 0.042245
7 0.273410 0.086305 0.266438 0.038479
