9 0.525788 0.118407 0.768939 0.083400
7 0.191995 0.186383 0.081001 0.012194
9 0.263803 0.430599 0.225450 0.011912
9 0.277929 0.235622 0.253458 0.012168
9 0.203224 0.204786 0.106385 0.012376
5 0.524692 0.051746 0.014045 0.013112
3 0.242252 0.220116 0.181369 0.011683
0 0.709524 0.357316 0.204940 0.015646
6 0.705316 0.255395 0.327494 0.161503
9 0.233758 0.385470 0.165338 0.012493
9 0.313771 0.370303 0.323592 0.011986
3 0.201759 0.340527 0.102818 0.012397
9 0.293121 0.355517 0.284296 0.011950
3 0.233758 0.385470 0.165338 0.012493
9 0.242252 0.220116 0.181369 0.011683
9 0.321769 0.258096 0.343205 0.026591
6 0.703234 0.282718 0.331755 0.108017
9 0.216689 0.415038 0.134969 0.013438
9 0.267906 0.280329 0.233980 0.012315
3 0.277929 0.235622 0.253458 0.012168
9 0.286633 0.295122 0.270386 0.011781
9 0.201759 0.340527 0.102818 0.012397
3 0.222782 0.309974 0.143410 0.012703
3 0.203224 0.204786 0.106385 0.012376
9 0.191995 0.186383 0.081001 0.012194
3 0.293121 0.355517 0.284296 0.011950
