9 0.525470 0.624660 0.768090 0.119456
9 0.522813 0.364457 0.764259 0.057226
9 0.523163 0.201248 0.765135 0.058479
9 0.524532 0.133821 0.766187 0.057881
9 0.524243 0.516534 0.765798 0.078782
9 0.523616 0.296874 0.763579 0.057336
9 0.522396 0.713433 0.762137 0.036833
9 0.522326 0.448553 0.763751 0.038568
9 0.522663 0.829168 0.763741 0.061300
9 0.523197 0.890250 0.763020 0.038574
9 0.437854 0.249506 0.498054 0.017817
9 0.291706 0.087197 0.202978 0.016595
9 0.418077 0.412568 0.443908 0.016351
9 0.534747 0.781154 0.701804 0.015134
9 0.487445 0.750983 0.605160 0.018496
5 0.523693 0.051526 0.011553 0.013110
