9 0.533934 0.771615 0.785583 0.075491
9 0.532218 0.662128 0.787727 0.075419
9 0.534615 0.846373 0.785220 0.055105
9 0.533929 0.561969 0.788284 0.055840
9 0.532958 0.497785 0.784188 0.055281
9 0.533533 0.927235 0.788803 0.037037
9 0.538252 0.217118 0.787781 0.073674
9 0.533439 0.443764 0.782207 0.034122
9 0.681977 0.136049 0.345321 0.016169
9 0.534179 0.384510 0.786527 0.062858
9 0.397460 0.606687 0.396481 0.019501
7 0.333784 0.891727 0.265452 0.018123
9 0.533924 0.311798 0.786192 0.064568
7 0.337103 0.717304 0.275132 0.017953
9 0.284798 0.134615 0.253854 0.018237
7 0.535089 0.167899 0.154727 0.018959
9 0.337103 0.717304 0.275132 0.017953
7 0.285358 0.086222 0.223542 0.038967
9 0.333784 0.891727 0.265452 0.018123
