9 0.534392 0.404327 0.784524 0.112249
9 0.534118 0.497968 0.784822 0.054208
9 0.535040 0.086897 0.787063 0.035960
9 0.533946 0.212740 0.786056 0.056724
9 0.532969 0.267756 0.786324 0.036422
9 0.534966 0.571900 0.783775 0.074597
9 0.533365 0.131342 0.779535 0.037306
9 0.312024 0.168546 0.218582 0.016778
9 0.201108 0.665073 0.116808 0.011440
9 0.504240 0.330533 0.607493 0.016414
9 0.193333 0.770217 0.102823 0.012052
9 0.199364 0.815182 0.116573 0.012006
7 0.342871 0.304042 0.281927 0.017824
9 0.199160 0.755469 0.113426 0.011433
9 0.212071 0.800056 0.138136 0.012130
9 0.255931 0.679941 0.226412 0.012064
9 0.241300 0.785163 0.200037 0.012495
9 0.194821 0.649990 0.105391 0.012306
3 0.251296 0.739918 0.220747 0.012307
9 0.256465 0.724766 0.233386 0.012723
5 0.533909 0.051890 0.013416 0.013425
9 0.289764 0.694901 0.293126 0.012330
9 0.251296 0.739918 0.220747 0.012307
9 0.194723 0.642414 0.106188 0.027715
6 0.740692 0.728309 0.462869 0.159125
9 0.342871 0.304042 0.281927 0.017824
9 0.304373 0.709718 0.325169 0.012410
7 0.185961 0.634557 0.087610 0.012807
9 0.256224 0.679867 0.228604 0.012164
3 0.256465 0.724766 0.233386 0.012723
3 0.241300 0.785163 0.200037 0.012495
3 0.193333 0.770217 0.102823 0.012052
