9 0.533950 0.755252 0.783819 0.094139
9 0.533935 0.105355 0.786688 0.076718
9 0.535484 0.444328 0.784272 0.057556
9 0.533893 0.198261 0.784786 0.094932
9 0.533078 0.380210 0.785807 0.057520
9 0.533488 0.644638 0.783590 0.057727
9 0.534009 0.580683 0.782572 0.056932
9 0.533384 0.911031 0.785551 0.055373
9 0.532073 0.526219 0.783110 0.037314
9 0.533976 0.325387 0.781693 0.037371
9 0.532550 0.855051 0.782411 0.037800
9 0.276807 0.291162 0.147782 0.014934
9 0.368444 0.820934 0.334174 0.016183
9 0.274515 0.491575 0.146398 0.014815
9 0.274328 0.691953 0.145593 0.014944
9 0.330586 0.263513 0.257646 0.018502
7 0.330586 0.263513 0.257646 0.018502
5 0.533026 0.051396 0.011839 0.013151
