9 0.523665 0.176264 0.764982 0.093348
9 0.524939 0.092501 0.767241 0.056347
6 0.653068 0.428329 0.349190 0.117268
3 0.255187 0.401183 0.226797 0.012274
9 0.524676 0.269614 0.764527 0.074617
7 0.186629 0.340690 0.088832 0.013185
9 0.524953 0.269587 0.765707 0.074725
9 0.193666 0.446052 0.103207 0.011745
3 0.279588 0.475969 0.274884 0.012029
3 0.299963 0.461259 0.319805 0.011471
3 0.240067 0.430903 0.196276 0.012385
3 0.253767 0.490757 0.222677 0.012675
0 0.692009 0.495467 0.204694 0.015458
3 0.193666 0.446052 0.103207 0.011745
9 0.253767 0.490757 0.222677 0.012675
5 0.554363 0.043514 0.016596 0.014037
3 0.301711 0.370661 0.317706 0.012303
9 0.236850 0.506129 0.191206 0.012639
9 0.279588 0.475969 0.274884 0.012029
9 0.301711 0.370661 0.317706 0.012303
3 0.302726 0.385819 0.317465 0.011940
