9 0.525109 0.567460 0.767023 0.074923
9 0.526257 0.473405 0.768965 0.094810
9 0.525049 0.855713 0.767747 0.055156
9 0.525174 0.630795 0.766399 0.038025
9 0.523328 0.676307 0.763776 0.037770
9 0.527025 0.210696 0.568305 0.037525
9 0.523837 0.721770 0.769604 0.036756
9 0.710411 0.129271 0.352020 0.015399
9 0.538292 0.797488 0.673454 0.043811
9 0.322273 0.757772 0.240612 0.016929
9 0.525416 0.390576 0.765402 0.055536
9 0.504301 0.272818 0.629590 0.019223
9 0.523041 0.174607 0.162154 0.020534
7 0.523041 0.174607 0.162154 0.020534
9 0.524572 0.295309 0.761209 0.063891
9 0.274535 0.127651 0.226090 0.016780
9 0.425460 0.810532 0.449480 0.017232
9 0.534732 0.345027 0.712408 0.017946
9 0.527196 0.376058 0.774777 0.084619
7 0.276028 0.082239 0.270555 0.036308
