9 0.536952 0.346889 0.792299 0.077424
9 0.535680 0.176132 0.791869 0.038666
9 0.535889 0.081061 0.790099 0.038314
9 0.536665 0.128908 0.789710 0.036875
9 0.535980 0.424512 0.789547 0.057171
9 0.534668 0.223586 0.792146 0.037782
9 0.192711 0.590330 0.101171 0.011885
9 0.199620 0.635259 0.115449 0.012257
9 0.208625 0.620030 0.131944 0.012426
9 0.302401 0.552449 0.321595 0.027529
9 0.544361 0.288583 0.685919 0.018002
9 0.344950 0.261560 0.284196 0.018063
9 0.254018 0.514970 0.225100 0.012292
3 0.252294 0.575241 0.220672 0.012346
9 0.289058 0.529984 0.295412 0.012551
7 0.186405 0.484927 0.088300 0.013085
9 0.193962 0.492313 0.103850 0.027524
9 0.239013 0.605215 0.194416 0.012185
5 0.535562 0.041625 0.010683 0.011253
6 0.729885 0.582439 0.443967 0.127810
3 0.239013 0.605215 0.194416 0.012185
3 0.254018 0.514970 0.225100 0.012292
3 0.208625 0.620030 0.131944 0.012426
9 0.252294 0.575241 0.220672 0.012346
6 0.731315 0.557947 0.441434 0.179005
