9 0.536041 0.800992 0.790284 0.054957
9 0.535804 0.877606 0.788657 0.077094
9 0.536747 0.592485 0.791636 0.056523
9 0.534124 0.502407 0.788049 0.056413
9 0.535565 0.420886 0.792592 0.038099
9 0.536122 0.675506 0.788512 0.034460
9 0.535269 0.719426 0.788432 0.037358
9 0.538364 0.206431 0.774765 0.038108
9 0.535004 0.375739 0.786448 0.037125
9 0.686931 0.124329 0.341944 0.016294
7 0.536299 0.171185 0.151054 0.019186
9 0.384447 0.339891 0.367963 0.018083
9 0.399002 0.456977 0.396719 0.019315
7 0.333710 0.638378 0.264955 0.018467
9 0.511908 0.268198 0.625901 0.019548
9 0.285423 0.122964 0.249606 0.018371
7 0.335552 0.547813 0.272082 0.019582
9 0.326106 0.756161 0.251110 0.016684
9 0.333710 0.638378 0.264955 0.018467
9 0.533767 0.304325 0.789406 0.036307
7 0.286417 0.080168 0.223988 0.039658
7 0.326106 0.756161 0.251110 0.016684
9 0.335552 0.547813 0.272082 0.019582
9 0.531669 0.290025 0.786092 0.064562
