9 0.535986 0.101409 0.787946 0.078930
9 0.537109 0.265143 0.790841 0.075762
9 0.538956 0.741713 0.795958 0.140242
9 0.537334 0.850307 0.790920 0.058891
9 0.534324 0.907424 0.787420 0.039655
9 0.535353 0.560819 0.792625 0.055981
9 0.536832 0.465489 0.792602 0.056599
9 0.534574 0.331359 0.788275 0.038789
9 0.534586 0.616745 0.789507 0.038807
9 0.535665 0.197390 0.786001 0.036860
9 0.536089 0.379657 0.785696 0.038422
5 0.535777 0.042116 0.010760 0.012305
9 0.549789 0.513386 0.700890 0.015789
9 0.535804 0.379633 0.791174 0.038388
9 0.540256 0.159295 0.679248 0.019247
9 0.536065 0.655658 0.680964 0.015502
