9 0.534369 0.359177 0.788932 0.079737
9 0.536485 0.803264 0.789777 0.097750
9 0.536575 0.138136 0.790507 0.100628
9 0.535481 0.474030 0.790846 0.080011
9 0.536393 0.676983 0.790828 0.079518
9 0.534375 0.543283 0.786385 0.035847
9 0.534230 0.226551 0.785510 0.058708
9 0.534624 0.600777 0.787575 0.056448
9 0.535777 0.880480 0.787540 0.039558
9 0.369471 0.417597 0.334448 0.015932
9 0.277069 0.303028 0.146924 0.014981
9 0.451088 0.736470 0.496192 0.015688
9 0.418157 0.071274 0.430802 0.019302
9 0.475898 0.275679 0.551290 0.015280
5 0.535299 0.042417 0.010894 0.012831
5 0.535706 0.042270 0.010811 0.012716
9 0.474563 0.286830 0.549477 0.045997
