9 0.536642 0.489440 0.791753 0.093923
9 0.535717 0.602252 0.789919 0.112492
9 0.535907 0.714870 0.790986 0.093261
9 0.535372 0.353814 0.795616 0.053840
9 0.535607 0.827924 0.789901 0.115212
9 0.550066 0.411768 0.699451 0.045247
9 0.540647 0.226980 0.729796 0.055276
9 0.673036 0.134035 0.368240 0.016063
9 0.470203 0.900288 0.539049 0.018122
9 0.513003 0.307343 0.624412 0.019870
7 0.289454 0.085184 0.210804 0.036371
7 0.537091 0.207938 0.150988 0.017525
6 0.678881 0.057984 0.450537 0.094219
9 0.288631 0.133351 0.263571 0.017759
