9 0.537189 0.287841 0.790444 0.112223
9 0.536647 0.674075 0.789762 0.074833
9 0.537899 0.525461 0.795208 0.076812
9 0.538261 0.866866 0.794700 0.077133
9 0.534077 0.193502 0.785896 0.057115
9 0.535376 0.406571 0.786601 0.056113
9 0.536217 0.599784 0.790116 0.056514
9 0.536729 0.794005 0.790418 0.055437
9 0.538462 0.738778 0.793337 0.036940
9 0.535338 0.461481 0.787472 0.037887
9 0.533020 0.085730 0.789626 0.038926
9 0.566772 0.922377 0.732646 0.019036
5 0.534980 0.042053 0.011505 0.012353
9 0.306745 0.148618 0.203916 0.018423
9 0.442367 0.122610 0.487677 0.018726
9 0.303191 0.361243 0.205710 0.018354
7 0.303191 0.361243 0.205710 0.018354
