9 0.536914 0.114818 0.791068 0.094294
9 0.535995 0.327785 0.791889 0.094737
9 0.535776 0.234973 0.791360 0.073889
6 0.715170 0.491567 0.372767 0.193612
7 0.185986 0.406134 0.086759 0.012986
3 0.271234 0.586267 0.256007 0.011695
3 0.237145 0.556032 0.188454 0.012086
7 0.331607 0.179741 0.257491 0.017561
3 0.227594 0.481184 0.170709 0.011663
9 0.211020 0.646152 0.139408 0.012297
3 0.252721 0.616236 0.220627 0.012140
3 0.301137 0.601263 0.323221 0.012395
9 0.286098 0.436155 0.293262 0.011677
3 0.296438 0.525738 0.308504 0.013123
3 0.242033 0.496287 0.201006 0.011213
3 0.211020 0.646152 0.139408 0.012297
9 0.216725 0.511085 0.149883 0.011977
9 0.250405 0.630819 0.215737 0.012037
3 0.216725 0.511085 0.149883 0.011977
5 0.535981 0.042069 0.012867 0.013228
3 0.274673 0.570945 0.265288 0.011760
9 0.225326 0.420786 0.168522 0.012129
3 0.303101 0.465683 0.327106 0.012248
9 0.331607 0.179741 0.257491 0.017561
9 0.252721 0.616236 0.220627 0.012140
9 0.274673 0.570945 0.265288 0.011760
3 0.250405 0.630819 0.215737 0.012037
3 0.225326 0.420786 0.168522 0.012129
9 0.271234 0.586267 0.256007 0.011695
3 0.241980 0.496362 0.202351 0.011245
