9 0.535940 0.602130 0.789030 0.114496
9 0.537057 0.834987 0.791534 0.149530
9 0.535866 0.499375 0.789615 0.075596
9 0.535307 0.425710 0.788468 0.055725
9 0.534642 0.696047 0.789645 0.055552
9 0.535835 0.252424 0.789965 0.053974
9 0.537822 0.315701 0.792293 0.056428
9 0.534455 0.187547 0.786680 0.055131
9 0.534076 0.086262 0.785564 0.037550
9 0.536362 0.370447 0.791426 0.038958
9 0.533731 0.131242 0.787696 0.038270
7 0.343146 0.741246 0.280914 0.018312
5 0.535239 0.042164 0.011283 0.012640
5 0.535613 0.042000 0.011271 0.012501
9 0.343146 0.741246 0.280914 0.018312
