9 0.519206 0.659637 0.775507 0.075215
9 0.521031 0.463457 0.778009 0.106475
9 0.518869 0.556898 0.773342 0.057260
9 0.518980 0.883489 0.775765 0.055368
9 0.519037 0.754336 0.775446 0.034536
9 0.521543 0.228245 0.701151 0.055830
9 0.519343 0.827201 0.774603 0.037205
9 0.520308 0.383590 0.774720 0.038663
9 0.520419 0.338224 0.776214 0.036255
9 0.668258 0.143169 0.307247 0.015309
7 0.519017 0.182208 0.151122 0.018898
9 0.321390 0.791279 0.258608 0.014875
9 0.488759 0.300305 0.617654 0.019610
9 0.274103 0.141677 0.225885 0.016608
7 0.324783 0.715816 0.264298 0.018876
7 0.328132 0.603481 0.273955 0.018507
9 0.324783 0.715816 0.264298 0.018876
7 0.273969 0.092839 0.206877 0.036202
