9 0.521181 0.153608 0.779298 0.151402
9 0.519368 0.277259 0.777966 0.076356
6 0.741506 0.430461 0.387382 0.163388
3 0.234163 0.465620 0.203265 0.011329
9 0.183545 0.555468 0.100549 0.011908
9 0.206754 0.480561 0.149049 0.012533
9 0.184847 0.375498 0.106161 0.011893
5 0.518913 0.052087 0.011592 0.011238
9 0.221862 0.390468 0.178410 0.011446
3 0.218687 0.450612 0.171619 0.011477
9 0.241967 0.540264 0.219206 0.012323
9 0.215259 0.405480 0.162117 0.011544
3 0.215259 0.405480 0.162117 0.011544
3 0.221862 0.390468 0.178410 0.011446
3 0.238105 0.495603 0.211544 0.012578
7 0.177073 0.359928 0.088018 0.012780
9 0.262642 0.420506 0.253703 0.011223
3 0.229388 0.525271 0.197253 0.012571
9 0.262498 0.435537 0.242876 0.011685
3 0.262642 0.420506 0.253703 0.011223
9 0.229388 0.525271 0.197253 0.012571
