9 0.520467 0.733583 0.779153 0.267743
9 0.519233 0.506805 0.774773 0.114499
9 0.519575 0.226176 0.776950 0.056442
9 0.518367 0.292492 0.773320 0.056168
9 0.517754 0.422120 0.774235 0.038136
9 0.519683 0.096188 0.778725 0.038507
9 0.518517 0.348031 0.776487 0.037927
9 0.518757 0.170340 0.775844 0.038213
9 0.495851 0.913645 0.611166 0.017879
9 0.400983 0.385561 0.419353 0.018970
9 0.401759 0.133791 0.418935 0.018574
7 0.350586 0.582787 0.316074 0.018589
5 0.518473 0.051940 0.012095 0.011316
9 0.334160 0.886223 0.284767 0.018433
