9 0.525143 0.108736 0.767634 0.073515
9 0.525264 0.187893 0.767627 0.074987
9 0.524389 0.246819 0.766796 0.034495
7 0.190234 0.296639 0.086750 0.012904
6 0.776954 0.380566 0.432755 0.132882
3 0.245411 0.402023 0.199497 0.011841
5 0.524275 0.049096 0.012720 0.011258
9 0.294758 0.537230 0.301997 0.012390
9 0.341091 0.506557 0.391175 0.013318
9 0.225919 0.552322 0.162476 0.012247
9 0.338489 0.522017 0.384733 0.012493
3 0.236120 0.372142 0.178286 0.011531
9 0.343206 0.445414 0.395836 0.042188
9 0.337609 0.462319 0.393153 0.012133
9 0.251576 0.357204 0.210872 0.011804
9 0.346107 0.484584 0.399025 0.026291
3 0.271377 0.387047 0.247184 0.012016
9 0.271377 0.387047 0.247184 0.012016
3 0.251576 0.357204 0.210872 0.011804
9 0.236120 0.372142 0.178286 0.011531
3 0.225919 0.552322 0.162476 0.012247
9 0.322879 0.327729 0.351772 0.042182
9 0.309449 0.312034 0.328506 0.011557
