9 0.522705 0.513615 0.764179 0.053543
9 0.524197 0.891854 0.763461 0.074100
9 0.524629 0.821782 0.765970 0.054366
9 0.524647 0.388534 0.767576 0.054022
9 0.524439 0.460642 0.766624 0.038338
9 0.526020 0.634096 0.770530 0.133812
9 0.524841 0.214181 0.712720 0.039469
9 0.682076 0.136841 0.322663 0.015403
9 0.522442 0.770274 0.770226 0.034886
9 0.522043 0.303213 0.768519 0.057316
7 0.525116 0.181504 0.128969 0.019083
7 0.332407 0.554384 0.258944 0.017708
9 0.496534 0.737757 0.593608 0.017899
9 0.409313 0.346403 0.418376 0.016977
9 0.329691 0.715546 0.253430 0.016372
5 0.291101 0.077584 0.112894 0.016136
9 0.410280 0.346160 0.417061 0.017607
9 0.291953 0.135444 0.214382 0.016257
9 0.332407 0.554384 0.258944 0.017708
7 0.329691 0.715546 0.253430 0.016372
7 0.291953 0.135444 0.214382 0.016257
