9 0.524725 0.234528 0.765092 0.084641
9 0.525214 0.661883 0.766814 0.106368
9 0.524859 0.150517 0.766320 0.063518
9 0.523628 0.756851 0.764829 0.063046
9 0.523912 0.318317 0.765128 0.062956
9 0.523599 0.392070 0.765938 0.061908
9 0.524621 0.088056 0.764869 0.041119
9 0.522879 0.829944 0.766841 0.062487
9 0.522862 0.454437 0.765688 0.040592
9 0.523989 0.567685 0.765943 0.061492
9 0.523701 0.505468 0.768963 0.039890
9 0.525956 0.910614 0.647054 0.017732
5 0.522996 0.051950 0.010511 0.011038
7 0.336629 0.881576 0.268400 0.018483
9 0.336629 0.881576 0.268400 0.018483
