9 0.524719 0.110148 0.765661 0.084293
9 0.523988 0.195048 0.766174 0.061084
6 0.741570 0.343032 0.399469 0.164652
3 0.243760 0.379663 0.205231 0.011844
3 0.215656 0.394301 0.148590 0.012313
3 0.224557 0.364252 0.167280 0.012363
3 0.229594 0.424136 0.174744 0.013020
3 0.236544 0.439006 0.192541 0.012951
3 0.223076 0.319007 0.163804 0.012018
3 0.194302 0.288976 0.105666 0.012530
5 0.523830 0.052115 0.011787 0.012264
3 0.233552 0.304154 0.183637 0.012276
3 0.269681 0.341544 0.254725 0.027054
3 0.192076 0.469213 0.100005 0.011989
7 0.186462 0.273793 0.086871 0.013572
9 0.192076 0.469213 0.100005 0.011989
3 0.251925 0.454363 0.221237 0.012330
3 0.270960 0.349224 0.245123 0.012279
9 0.186462 0.273793 0.086871 0.013572
3 0.270665 0.334254 0.253714 0.011718
3 0.245736 0.409323 0.208776 0.012539
9 0.194302 0.288976 0.105666 0.012530
