9 0.537488 0.106054 0.792919 0.075831
9 0.536059 0.636003 0.788025 0.074972
9 0.536358 0.180092 0.789875 0.056205
9 0.536024 0.720289 0.790924 0.074498
9 0.535302 0.552579 0.789270 0.075633
9 0.535308 0.245964 0.787758 0.053621
9 0.536272 0.793848 0.788699 0.056313
9 0.534994 0.417521 0.788228 0.034875
9 0.536575 0.857760 0.790722 0.057718
9 0.535570 0.344210 0.790820 0.038397
9 0.535488 0.299682 0.788944 0.037050
9 0.535047 0.462572 0.789496 0.034961
9 0.251201 0.382406 0.121095 0.015066
9 0.279884 0.498978 0.181102 0.014988
4 0.535459 0.934153 0.010321 0.013493
4 0.535460 0.934059 0.010755 0.013272
7 0.251201 0.382406 0.121095 0.015066
