9 0.536853 0.851830 0.790479 0.059835
9 0.536164 0.676953 0.790653 0.063077
9 0.535044 0.560615 0.788662 0.041292
9 0.535003 0.613039 0.788800 0.040663
9 0.532630 0.426635 0.789374 0.040692
9 0.535669 0.344768 0.791892 0.040603
9 0.536732 0.752012 0.791414 0.065111
9 0.376929 0.385483 0.376981 0.018531
9 0.536122 0.508469 0.788403 0.040194
9 0.539519 0.213467 0.751975 0.056947
9 0.687261 0.127569 0.304234 0.019066
9 0.495922 0.301488 0.611206 0.019358
9 0.328693 0.800907 0.274237 0.018706
9 0.421413 0.468318 0.471507 0.017689
9 0.282694 0.127391 0.213591 0.016034
7 0.284342 0.086361 0.222667 0.039741
9 0.535131 0.222983 0.749444 0.037407
