9 0.537987 0.407521 0.791296 0.074996
9 0.536716 0.684946 0.789573 0.073743
9 0.536823 0.278986 0.788679 0.111154
9 0.536978 0.135608 0.791478 0.053349
9 0.536263 0.545396 0.791579 0.055958
9 0.537116 0.086520 0.792351 0.037968
9 0.536628 0.192462 0.790812 0.055080
9 0.535942 0.465165 0.788898 0.035080
9 0.534170 0.626462 0.791556 0.037755
9 0.537154 0.851611 0.788938 0.074514
9 0.534007 0.760997 0.783236 0.036964
9 0.338687 0.732973 0.300934 0.016455
4 0.535576 0.934043 0.010075 0.012681
7 0.299390 0.500396 0.218052 0.018204
9 0.355384 0.352298 0.330861 0.017882
4 0.535533 0.934116 0.009646 0.012896
7 0.355384 0.352298 0.330861 0.017882
7 0.270510 0.591469 0.162495 0.017815
9 0.299390 0.500396 0.218052 0.018204
