9 0.537001 0.178641 0.791360 0.073930
9 0.534700 0.677819 0.787077 0.072256
9 0.536138 0.251452 0.790150 0.056566
9 0.535003 0.316556 0.788763 0.055613
9 0.537002 0.504554 0.788286 0.056317
9 0.537078 0.086932 0.794133 0.036756
9 0.532393 0.794359 0.783514 0.035813
9 0.533230 0.450728 0.787810 0.035697
9 0.535706 0.586490 0.788805 0.035744
9 0.422191 0.623291 0.466305 0.015384
9 0.479536 0.122721 0.581576 0.017793
9 0.377346 0.388931 0.372705 0.015382
9 0.541784 0.868631 0.711368 0.045406
9 0.489587 0.362907 0.604507 0.014936
9 0.516230 0.414783 0.652983 0.017052
9 0.509699 0.550980 0.652897 0.016859
9 0.443288 0.758133 0.510465 0.017479
9 0.465404 0.731839 0.563019 0.018326
7 0.534078 0.830940 0.114270 0.015250
4 0.535342 0.934148 0.010120 0.012767
