9 0.535956 0.782345 0.788993 0.057175
9 0.538054 0.846956 0.789080 0.056495
9 0.535745 0.384274 0.791488 0.074566
9 0.535194 0.653563 0.789980 0.057446
9 0.536656 0.718581 0.787408 0.055829
9 0.533852 0.545979 0.788537 0.037946
9 0.536215 0.501717 0.792586 0.035363
9 0.290858 0.439639 0.201279 0.017399
9 0.411327 0.466801 0.443372 0.015136
9 0.471255 0.609279 0.561078 0.018184
7 0.536275 0.180769 0.126172 0.021476
9 0.434642 0.329455 0.493066 0.018417
9 0.315764 0.582999 0.253243 0.017486
7 0.535470 0.304209 0.215013 0.015840
9 0.534268 0.251986 0.538163 0.016668
4 0.535704 0.934185 0.010493 0.012875
9 0.536440 0.231735 0.745812 0.058320
4 0.535666 0.934281 0.010331 0.013125
7 0.536135 0.278186 0.098124 0.015299
7 0.285709 0.117005 0.226335 0.039381
