9 0.535281 0.706519 0.790340 0.054142
9 0.535845 0.095989 0.789705 0.057388
9 0.535197 0.631292 0.791130 0.074896
9 0.536860 0.879474 0.788584 0.057182
9 0.536693 0.815766 0.791577 0.054972
9 0.535666 0.440412 0.790510 0.056600
9 0.534481 0.761136 0.785592 0.035033
9 0.536457 0.340903 0.790269 0.035166
9 0.534184 0.223638 0.786583 0.035393
9 0.535686 0.385093 0.786348 0.037472
9 0.532528 0.532125 0.785898 0.053807
9 0.534611 0.178649 0.789426 0.035031
9 0.504558 0.485313 0.640057 0.018874
9 0.414888 0.142954 0.458974 0.015817
4 0.535345 0.934221 0.010648 0.012903
9 0.533774 0.178742 0.785397 0.034922
9 0.532564 0.294377 0.786439 0.037687
