9 0.537043 0.431019 0.789521 0.114241
9 0.536299 0.523495 0.789454 0.057188
9 0.536647 0.652786 0.791794 0.056991
9 0.536804 0.718474 0.790001 0.054366
9 0.536494 0.588953 0.789937 0.054986
9 0.535910 0.771902 0.790362 0.038506
9 0.534740 0.275779 0.789236 0.036546
9 0.535960 0.872439 0.789314 0.056811
9 0.536574 0.230292 0.789394 0.036690
9 0.535518 0.184962 0.787598 0.036833
9 0.534946 0.818825 0.786310 0.034881
9 0.535754 0.125619 0.775641 0.065297
4 0.535272 0.933906 0.010292 0.012646
9 0.535958 0.347468 0.787710 0.036848
9 0.549731 0.321182 0.744128 0.039743
9 0.534332 0.114192 0.776891 0.041229
7 0.535756 0.078541 0.107083 0.015248
