9 0.537156 0.105264 0.790309 0.076771
9 0.537497 0.235779 0.791952 0.073710
9 0.536002 0.374896 0.790629 0.053709
9 0.536534 0.309281 0.791622 0.055418
9 0.537400 0.551154 0.790960 0.073241
9 0.537828 0.846000 0.788448 0.057217
9 0.536070 0.171891 0.787437 0.034989
9 0.537050 0.484357 0.792206 0.054153
9 0.536559 0.428428 0.791692 0.037398
9 0.535192 0.615536 0.789838 0.035781
9 0.560154 0.745893 0.730633 0.076475
9 0.511579 0.651956 0.651877 0.015121
7 0.535525 0.692523 0.117533 0.015669
4 0.535671 0.934103 0.010133 0.012386
4 0.535586 0.934151 0.010094 0.012625
7 0.331285 0.801083 0.282277 0.018364
9 0.331285 0.801083 0.282277 0.018364
