9 0.536021 0.098414 0.787252 0.063558
9 0.535757 0.217026 0.788904 0.083645
3 0.207358 0.447632 0.129527 0.012896
3 0.216351 0.463458 0.148629 0.013209
3 0.278327 0.496580 0.272047 0.012882
3 0.287517 0.545287 0.288126 0.013298
6 0.719088 0.488465 0.315527 0.173761
7 0.315915 0.152759 0.252695 0.018380
3 0.244536 0.480249 0.203901 0.012825
3 0.205648 0.579590 0.126375 0.013323
9 0.537203 0.345989 0.790861 0.084191
3 0.238067 0.529183 0.192108 0.013606
7 0.318776 0.281655 0.258712 0.017930
4 0.535476 0.934122 0.010222 0.012663
3 0.302057 0.512552 0.314410 0.013396
7 0.191107 0.414006 0.095599 0.014190
3 0.200613 0.431048 0.116675 0.013180
3 0.201358 0.431158 0.117970 0.013079
3 0.234792 0.561812 0.183803 0.012814
3 0.237132 0.561739 0.187743 0.013080
