6 0.776772 0.242553 0.402697 0.178577
9 0.526408 0.099899 0.766723 0.040119
7 0.200587 0.163520 0.091087 0.012932
3 0.272642 0.239590 0.243659 0.011834
5 0.526240 0.051024 0.015254 0.012087
3 0.263908 0.209350 0.223997 0.011421
9 0.203326 0.179158 0.104056 0.012477
3 0.265570 0.224469 0.227727 0.012285
3 0.263897 0.254407 0.225714 0.011948
9 0.305616 0.284417 0.309103 0.011801
3 0.203326 0.179158 0.104056 0.012477
9 0.249744 0.317296 0.198118 0.019474
3 0.263968 0.224464 0.223318 0.012197
3 0.298340 0.194324 0.292952 0.011393
9 0.298340 0.194324 0.292952 0.011393
