9 0.525104 0.454951 0.765837 0.081096
9 0.524561 0.535165 0.769503 0.060995
9 0.524243 0.096547 0.766655 0.038690
9 0.523362 0.244502 0.763327 0.038880
9 0.523348 0.185003 0.764773 0.059477
9 0.520679 0.869638 0.763987 0.040053
9 0.524604 0.338727 0.769209 0.130100
9 0.371723 0.775884 0.344040 0.015377
9 0.396589 0.804122 0.390841 0.015101
9 0.439042 0.831483 0.477898 0.017702
9 0.550593 0.718257 0.704123 0.073882
9 0.525963 0.617948 0.763613 0.049577
9 0.299568 0.663522 0.195638 0.015118
5 0.523716 0.051198 0.009833 0.011388
9 0.551874 0.135004 0.706042 0.018843
9 0.351398 0.747667 0.302014 0.014738
9 0.540380 0.585826 0.686023 0.016309
