9 0.526491 0.833901 0.768543 0.086151
9 0.524761 0.683283 0.767835 0.088724
9 0.523681 0.586988 0.766498 0.085285
9 0.523860 0.908124 0.767301 0.042394
9 0.525817 0.758560 0.769279 0.041521
9 0.523164 0.369658 0.767802 0.043463
7 0.522759 0.197547 0.150927 0.019522
9 0.467000 0.523450 0.533150 0.019537
9 0.274438 0.143416 0.240447 0.018366
9 0.523867 0.467242 0.765937 0.072049
5 0.523392 0.050920 0.010042 0.010844
9 0.513107 0.329821 0.624951 0.019294
9 0.658451 0.144963 0.334837 0.015917
9 0.438524 0.413055 0.477382 0.016283
7 0.537742 0.095278 0.752133 0.039152
9 0.525379 0.246872 0.752320 0.062713
9 0.550817 0.441593 0.691840 0.018303
