9 0.525113 0.458685 0.766814 0.101657
9 0.526133 0.746267 0.768704 0.103149
9 0.524125 0.896890 0.768648 0.040145
9 0.524920 0.837646 0.766236 0.059658
9 0.524694 0.357322 0.766225 0.080749
9 0.524235 0.666356 0.763806 0.037744
9 0.524107 0.617801 0.764456 0.036877
9 0.524441 0.096139 0.772657 0.039885
9 0.527010 0.175307 0.761898 0.037044
9 0.415739 0.213879 0.433561 0.015560
9 0.442513 0.241839 0.486385 0.015597
9 0.299098 0.136563 0.196905 0.015521
9 0.425864 0.269213 0.452767 0.017978
9 0.365939 0.528717 0.329330 0.018205
5 0.523464 0.051031 0.009571 0.010845
9 0.525107 0.567792 0.761148 0.038136
9 0.554017 0.297386 0.700119 0.018507
9 0.159896 0.185534 0.036662 0.015185
9 0.524847 0.567912 0.765023 0.037753
