9 0.524702 0.404999 0.766106 0.082355
9 0.525696 0.777585 0.767817 0.081579
9 0.524908 0.587843 0.767047 0.081071
9 0.524347 0.498217 0.766199 0.078271
9 0.524728 0.868335 0.765690 0.082306
9 0.523908 0.313943 0.765769 0.080814
9 0.523362 0.669830 0.766034 0.058504
9 0.524688 0.096317 0.765341 0.038948
9 0.524864 0.194467 0.758449 0.083818
9 0.467088 0.719502 0.540084 0.015930
5 0.523574 0.051133 0.010306 0.010911
9 0.497345 0.255155 0.592964 0.019150
7 0.524897 0.136724 0.109484 0.015681
7 0.497345 0.255155 0.592964 0.019150
7 0.524864 0.194467 0.758449 0.083818
