9 0.525110 0.417620 0.768934 0.081225
9 0.524129 0.526815 0.766910 0.060220
9 0.524505 0.836587 0.768473 0.058805
9 0.526014 0.895594 0.768335 0.039586
9 0.523556 0.721438 0.768088 0.035912
9 0.524052 0.643991 0.765451 0.035790
9 0.523844 0.224918 0.739123 0.076695
9 0.485782 0.787583 0.564970 0.017695
9 0.390733 0.682086 0.378262 0.016593
7 0.524401 0.333037 0.213365 0.015684
9 0.335977 0.357721 0.270966 0.019567
9 0.334370 0.477381 0.267023 0.018131
9 0.556226 0.577526 0.705851 0.015102
9 0.525072 0.306949 0.101095 0.014801
5 0.523863 0.051243 0.011109 0.011202
9 0.327310 0.759012 0.254165 0.018282
9 0.538780 0.605276 0.673684 0.015068
7 0.533797 0.095471 0.774358 0.039540
7 0.525072 0.306949 0.101095 0.014801
9 0.533797 0.095471 0.774358 0.039540
