9 0.525305 0.307970 0.767468 0.151283
9 0.523892 0.168912 0.766939 0.056702
9 0.525371 0.460676 0.768274 0.095562
9 0.525323 0.098578 0.769116 0.063111
7 0.316748 0.214784 0.254303 0.018328
3 0.234680 0.688307 0.185645 0.011968
9 0.227637 0.748328 0.170127 0.011872
7 0.319523 0.401363 0.257890 0.017982
9 0.194934 0.552918 0.106084 0.012102
9 0.217242 0.778358 0.151519 0.012335
3 0.234691 0.718542 0.181695 0.012175
5 0.523849 0.044526 0.013231 0.014144
3 0.275093 0.733330 0.261556 0.011744
9 0.327476 0.613455 0.393579 0.011739
9 0.235494 0.763258 0.187848 0.012212
3 0.255957 0.673288 0.225610 0.012203
6 0.739066 0.642452 0.301833 0.113828
9 0.307775 0.658125 0.331132 0.012043
3 0.217242 0.778358 0.151519 0.012335
3 0.259269 0.703822 0.236854 0.011843
9 0.274532 0.598292 0.263812 0.012298
9 0.312214 0.568010 0.339099 0.012739
9 0.282019 0.628247 0.284086 0.011897
3 0.307775 0.658125 0.331132 0.012043
3 0.327476 0.613455 0.393579 0.011739
3 0.235494 0.763258 0.187848 0.012212
9 0.255957 0.673288 0.225610 0.012203
3 0.194934 0.552918 0.106084 0.012102
7 0.186297 0.537380 0.088191 0.012659
3 0.227637 0.748328 0.170127 0.011872
9 0.275962 0.733284 0.267592 0.011868
9 0.234691 0.718542 0.181695 0.012175
3 0.282019 0.628247 0.284086 0.011897
6 0.738525 0.613494 0.296101 0.174522
3 0.220914 0.643277 0.158435 0.011655
