9 0.525207 0.737559 0.767568 0.061234
9 0.524072 0.854341 0.764528 0.060059
9 0.524014 0.795688 0.763616 0.039700
9 0.525107 0.587500 0.768617 0.082009
9 0.525377 0.667748 0.767965 0.060942
9 0.328132 0.901409 0.275786 0.018547
9 0.524566 0.418579 0.767507 0.083019
9 0.524539 0.218322 0.680519 0.033932
9 0.450198 0.529963 0.522209 0.015379
9 0.656930 0.131088 0.282755 0.018122
9 0.267713 0.131127 0.215594 0.016644
9 0.418586 0.504762 0.459589 0.015603
9 0.431644 0.361437 0.483188 0.015815
7 0.523693 0.187316 0.149917 0.018794
9 0.494074 0.479043 0.605702 0.015264
7 0.268580 0.085263 0.209616 0.036543
9 0.472455 0.335128 0.563615 0.018181
7 0.666059 0.086163 0.458451 0.037104
