9 0.526210 0.864384 0.767826 0.087439
9 0.524176 0.735110 0.764443 0.041477
9 0.523306 0.546301 0.767291 0.041567
9 0.523769 0.787950 0.765040 0.041733
9 0.522368 0.493529 0.771793 0.041165
9 0.522946 0.599918 0.768872 0.040164
9 0.523039 0.682270 0.765232 0.041640
9 0.436963 0.452724 0.474723 0.016491
9 0.422788 0.422341 0.443522 0.018470
9 0.520096 0.319590 0.773360 0.042204
9 0.465909 0.640864 0.531356 0.018915
9 0.467377 0.393334 0.531432 0.015599
9 0.699347 0.128484 0.341812 0.016120
9 0.527460 0.210184 0.659071 0.048723
9 0.451083 0.362692 0.500573 0.016632
9 0.524648 0.186388 0.149227 0.018773
9 0.523890 0.307983 0.768132 0.065246
