9 0.525621 0.539532 0.767161 0.105223
9 0.524299 0.708198 0.764664 0.103926
9 0.524353 0.359758 0.765635 0.084065
9 0.524559 0.444070 0.766516 0.062012
9 0.524937 0.164560 0.768116 0.139065
9 0.523877 0.275717 0.764227 0.062603
9 0.523968 0.624121 0.763060 0.037536
5 0.522903 0.052008 0.034591 0.012215
9 0.423828 0.889434 0.441947 0.015900
9 0.475450 0.860491 0.543921 0.016165
7 0.522839 0.806771 0.251348 0.019412
9 0.551392 0.085102 0.704939 0.020101
9 0.522244 0.781742 0.114162 0.015506
9 0.556127 0.087310 0.718058 0.015596
