9 0.523313 0.136354 0.765813 0.135346
3 0.235935 0.414727 0.186370 0.011674
3 0.234278 0.266649 0.181848 0.011987
3 0.194601 0.281693 0.105870 0.011512
3 0.239096 0.399961 0.193700 0.011932
7 0.185886 0.236325 0.087872 0.013309
3 0.193778 0.251601 0.104056 0.012483
9 0.346244 0.302674 0.412511 0.029081
3 0.253037 0.370381 0.219834 0.011939
3 0.220755 0.384996 0.153121 0.012477
9 0.347354 0.429369 0.404983 0.012531
3 0.235917 0.326098 0.189561 0.011475
9 0.296355 0.459149 0.303500 0.012620
3 0.305254 0.444127 0.320567 0.012367
5 0.522701 0.042962 0.015460 0.014747
9 0.305254 0.444127 0.320567 0.012367
9 0.193778 0.251601 0.104056 0.012483
3 0.347354 0.429369 0.404983 0.012531
6 0.763243 0.324868 0.398225 0.125134
