9 0.524914 0.527214 0.766965 0.085232
9 0.524393 0.673349 0.766007 0.085088
9 0.524235 0.820700 0.765824 0.082697
9 0.524328 0.240346 0.768055 0.061223
9 0.523241 0.746548 0.763813 0.041150
9 0.522770 0.455111 0.768874 0.038008
9 0.520874 0.600875 0.763626 0.040720
9 0.523431 0.892968 0.765229 0.040308
9 0.522502 0.403121 0.764329 0.039452
9 0.522959 0.353184 0.769186 0.037861
9 0.523220 0.300865 0.770051 0.042551
9 0.524765 0.166505 0.770033 0.061656
5 0.523290 0.050916 0.023185 0.010888
9 0.511681 0.114903 0.618947 0.018715
