9 0.525520 0.235546 0.768137 0.218435
9 0.522874 0.498844 0.765256 0.084476
9 0.524062 0.415331 0.765864 0.061198
9 0.524966 0.844323 0.769730 0.062947
9 0.524816 0.719898 0.765770 0.063700
9 0.524515 0.097687 0.763730 0.037492
9 0.523897 0.783441 0.764416 0.037487
9 0.523129 0.907569 0.763408 0.038406
9 0.453043 0.670054 0.498528 0.016060
9 0.310129 0.363709 0.215034 0.018106
9 0.445737 0.641025 0.487516 0.016447
9 0.524876 0.587257 0.696412 0.019776
5 0.523433 0.051471 0.024248 0.011348
7 0.524364 0.562654 0.109067 0.015350
9 0.524752 0.587249 0.709249 0.020256
