9 0.518633 0.844572 0.764004 0.066808
9 0.516439 0.747430 0.760987 0.042509
9 0.519535 0.475917 0.766377 0.089809
9 0.518360 0.397908 0.763127 0.043115
9 0.520539 0.554164 0.767554 0.043891
9 0.519984 0.620010 0.769150 0.067261
9 0.654566 0.137124 0.331118 0.019447
9 0.520282 0.237122 0.682177 0.038423
9 0.256372 0.137988 0.256932 0.018504
9 0.433867 0.675441 0.478860 0.018461
9 0.296747 0.790800 0.200193 0.019261
9 0.758392 0.051140 0.268520 0.020981
7 0.257540 0.091084 0.221630 0.039264
9 0.301190 0.706188 0.207377 0.017615
9 0.523507 0.328787 0.763518 0.073379
9 0.660010 0.091152 0.488341 0.037551
7 0.519471 0.203878 0.151076 0.018930
9 0.525826 0.225328 0.694534 0.062590
9 0.429624 0.689543 0.467092 0.050595
7 0.296747 0.790800 0.200193 0.019261
