9 0.524047 0.119901 0.765512 0.088346
6 0.736126 0.317534 0.416503 0.157336
3 0.263148 0.277344 0.223415 0.012162
9 0.203455 0.232147 0.105932 0.012575
3 0.262075 0.262510 0.224561 0.011694
7 0.201079 0.216306 0.088156 0.013303
3 0.263331 0.307514 0.224747 0.012197
5 0.523723 0.051750 0.023425 0.011994
9 0.297674 0.247602 0.292256 0.012094
3 0.247636 0.352343 0.191389 0.011499
9 0.247636 0.352343 0.191389 0.011499
9 0.272524 0.292639 0.242300 0.012022
9 0.306624 0.337629 0.313702 0.012219
3 0.269639 0.322555 0.235148 0.012364
9 0.231105 0.367411 0.157967 0.012783
9 0.269639 0.322555 0.235148 0.012364
9 0.263331 0.307514 0.224747 0.012197
3 0.297674 0.247602 0.292256 0.012094
9 0.252520 0.373489 0.201371 0.025001
3 0.272524 0.292639 0.242300 0.012022
