9 0.525166 0.192721 0.766311 0.125681
9 0.521911 0.783084 0.762051 0.085128
9 0.524148 0.388952 0.765664 0.083659
9 0.524000 0.546176 0.765468 0.063333
9 0.521962 0.670287 0.761903 0.062689
9 0.524789 0.896170 0.764064 0.063509
9 0.525041 0.096223 0.767906 0.041428
9 0.522674 0.608012 0.765419 0.041567
5 0.522905 0.051948 0.034694 0.011858
9 0.522633 0.287503 0.761828 0.038657
9 0.348032 0.328136 0.291062 0.015540
9 0.275120 0.722625 0.143949 0.015912
9 0.523721 0.472175 0.764655 0.063708
9 0.357130 0.845697 0.310596 0.018877
9 0.523705 0.472301 0.763789 0.063789
7 0.357130 0.845697 0.310596 0.018877
