9 0.525730 0.379155 0.767795 0.104391
9 0.523952 0.221966 0.766240 0.082119
9 0.523797 0.108081 0.765506 0.061805
9 0.523773 0.294421 0.765740 0.038955
9 0.523783 0.565275 0.764611 0.081572
9 0.523741 0.638783 0.762430 0.037995
9 0.523017 0.462431 0.764102 0.039774
9 0.522662 0.739778 0.761945 0.039877
9 0.522773 0.689795 0.761429 0.037635
9 0.522017 0.791082 0.763070 0.038127
9 0.522815 0.841847 0.762448 0.039523
9 0.512055 0.883095 0.617512 0.015942
9 0.523715 0.158887 0.648249 0.019052
5 0.522865 0.051554 0.023118 0.011266
9 0.550412 0.503826 0.692854 0.015594
