9 0.523819 0.626356 0.765962 0.106082
9 0.523369 0.346175 0.764850 0.081574
9 0.523997 0.158057 0.767843 0.062943
9 0.524018 0.720809 0.764201 0.063494
9 0.522567 0.231523 0.763655 0.062709
9 0.523390 0.430341 0.763873 0.059422
9 0.522562 0.531171 0.763916 0.061951
9 0.522072 0.794652 0.763940 0.062325
9 0.523908 0.096337 0.769466 0.040457
9 0.524374 0.885895 0.765438 0.040520
9 0.444792 0.481531 0.485245 0.015594
9 0.526055 0.284430 0.653158 0.016007
5 0.523166 0.051250 0.023327 0.010312
9 0.427787 0.845580 0.457071 0.019989
7 0.427787 0.845580 0.457071 0.019989
