9 0.525092 0.438758 0.767592 0.105858
9 0.525010 0.680000 0.767185 0.106609
9 0.524134 0.574149 0.763883 0.083791
9 0.523732 0.805746 0.763609 0.059461
9 0.523492 0.878162 0.765028 0.061558
9 0.523708 0.355516 0.767018 0.038278
9 0.523645 0.179012 0.729934 0.036815
9 0.448108 0.314789 0.493288 0.019048
9 0.387638 0.512051 0.373444 0.018766
9 0.524436 0.237599 0.099460 0.015138
5 0.523788 0.051886 0.023544 0.011717
7 0.523797 0.263415 0.214923 0.016313
7 0.322907 0.753638 0.239694 0.018647
9 0.322907 0.753638 0.239694 0.018647
9 0.538243 0.094714 0.712337 0.036599
7 0.538243 0.094714 0.712337 0.036599
9 0.523499 0.151305 0.109837 0.017133
