9 0.525295 0.124621 0.767306 0.114054
6 0.735198 0.327278 0.298391 0.096604
9 0.206496 0.465077 0.111743 0.012087
7 0.194716 0.224230 0.086042 0.013457
9 0.242914 0.404442 0.181256 0.012662
0 0.734644 0.401290 0.128471 0.016929
9 0.333718 0.337314 0.364209 0.026769
9 0.233862 0.449582 0.168905 0.011891
9 0.296841 0.419510 0.290664 0.012270
3 0.306613 0.374583 0.303106 0.012182
5 0.524840 0.042907 0.013722 0.013184
9 0.234662 0.239679 0.168824 0.011962
9 0.257372 0.269745 0.210404 0.011788
9 0.306613 0.374583 0.303106 0.012182
9 0.271049 0.284457 0.237659 0.012254
9 0.330328 0.314416 0.358887 0.012021
9 0.279384 0.359978 0.254055 0.012641
3 0.234662 0.239679 0.168824 0.011962
9 0.331450 0.299246 0.363007 0.012181
9 0.735482 0.241177 0.254600 0.053848
9 0.331937 0.314396 0.365342 0.012265
3 0.279384 0.359978 0.254055 0.012641
