9 0.524593 0.562091 0.765881 0.139090
9 0.525659 0.844618 0.766847 0.113859
9 0.522700 0.672010 0.761384 0.066931
9 0.523690 0.746098 0.765003 0.067158
9 0.525243 0.088847 0.765818 0.043443
9 0.524895 0.414376 0.766062 0.041776
9 0.523697 0.295084 0.767140 0.149425
9 0.523318 0.464671 0.764608 0.042377
5 0.523546 0.042792 0.011821 0.012628
9 0.525288 0.165886 0.758318 0.042934
9 0.482964 0.127692 0.566250 0.019017
9 0.336767 0.204074 0.273080 0.017982
9 0.523880 0.164159 0.763259 0.045807
9 0.334717 0.376166 0.265569 0.018422
