9 0.524249 0.669395 0.767464 0.066078
9 0.524728 0.794026 0.767886 0.065491
9 0.525901 0.431920 0.769848 0.091830
9 0.524463 0.731200 0.769691 0.042208
9 0.522361 0.855457 0.763230 0.043107
9 0.524390 0.506124 0.767475 0.043787
9 0.523006 0.906327 0.764585 0.041254
9 0.524872 0.231598 0.744128 0.041688
9 0.524155 0.344022 0.770809 0.070525
7 0.524947 0.193428 0.150125 0.019416
9 0.525508 0.579877 0.773632 0.096563
9 0.682503 0.134473 0.284842 0.017977
9 0.288250 0.134541 0.214105 0.016854
9 0.516981 0.296313 0.625700 0.019616
7 0.290090 0.090241 0.209469 0.036780
9 0.521923 0.607597 0.767965 0.040808
