9 0.524690 0.099824 0.766636 0.065390
9 0.525456 0.171157 0.767014 0.064735
9 0.525165 0.253879 0.768559 0.087101
9 0.524013 0.432587 0.767050 0.064396
9 0.525155 0.592406 0.767764 0.086071
6 0.723603 0.778847 0.300283 0.096996
9 0.196598 0.855520 0.108600 0.012043
9 0.194874 0.690086 0.106379 0.012718
9 0.523587 0.362706 0.768076 0.061891
5 0.523366 0.042430 0.011313 0.011514
9 0.467877 0.508114 0.531770 0.015428
9 0.261252 0.735171 0.236542 0.012283
9 0.331366 0.532374 0.260966 0.017396
3 0.234192 0.795135 0.181390 0.012475
3 0.224555 0.840321 0.167027 0.012345
9 0.255532 0.810513 0.227772 0.012187
3 0.273324 0.825243 0.265689 0.012292
3 0.246851 0.720363 0.208023 0.012176
9 0.326730 0.481766 0.251349 0.017768
3 0.255532 0.810513 0.227772 0.012187
9 0.485437 0.314513 0.563912 0.017453
9 0.316828 0.750165 0.357932 0.012171
9 0.247620 0.779918 0.209892 0.012640
9 0.326593 0.705454 0.368415 0.012036
9 0.185654 0.672234 0.087319 0.013693
9 0.726269 0.689539 0.257179 0.054014
9 0.224555 0.840321 0.167027 0.012345
3 0.261252 0.735171 0.236542 0.012283
9 0.273324 0.825243 0.265689 0.012292
7 0.185654 0.672234 0.087319 0.013693
7 0.326730 0.481766 0.251349 0.017768
7 0.726269 0.689539 0.257179 0.054014
9 0.234192 0.795135 0.181390 0.012475
9 0.523653 0.348690 0.765044 0.089525
9 0.327221 0.764943 0.373556 0.011860
