9 0.523971 0.680239 0.766590 0.062794
9 0.523281 0.751474 0.765286 0.063866
9 0.523617 0.893728 0.763912 0.063003
9 0.523259 0.442238 0.766580 0.062134
9 0.523267 0.620387 0.762822 0.040707
9 0.522093 0.501153 0.761519 0.041781
9 0.522907 0.822933 0.765276 0.063320
9 0.524037 0.561036 0.766349 0.062343
9 0.527379 0.210818 0.761563 0.042562
9 0.679018 0.134548 0.283994 0.017691
9 0.291896 0.134514 0.214338 0.016971
9 0.522457 0.331364 0.765034 0.090029
9 0.413072 0.392979 0.425696 0.018435
9 0.525805 0.319968 0.774688 0.112965
9 0.523552 0.174101 0.150777 0.019288
7 0.523552 0.174101 0.150777 0.019288
9 0.514853 0.273434 0.621029 0.019533
7 0.294127 0.090044 0.207599 0.036334
