9 0.499042 0.717814 0.762095 0.059066
9 0.498977 0.644051 0.761205 0.062310
9 0.497281 0.839306 0.765611 0.061327
9 0.503451 0.088754 0.760868 0.040593
9 0.497580 0.779571 0.758880 0.037347
9 0.501013 0.401108 0.763250 0.039767
9 0.499161 0.481276 0.758395 0.039032
9 0.498942 0.533167 0.761838 0.038840
9 0.498813 0.582066 0.761686 0.040455
9 0.501912 0.168090 0.764392 0.039924
9 0.498953 0.259130 0.765070 0.063598
9 0.499520 0.350804 0.767549 0.039795
9 0.356539 0.440057 0.349256 0.018752
9 0.307382 0.129595 0.248162 0.015561
9 0.461079 0.889042 0.565647 0.018760
9 0.469147 0.310091 0.578133 0.019944
9 0.463364 0.900018 0.575635 0.043973
5 0.504338 0.041713 0.012085 0.013959
