9 0.502917 0.841023 0.766824 0.075290
9 0.502461 0.743894 0.766215 0.101911
9 0.501385 0.535668 0.760671 0.037760
9 0.501757 0.205175 0.759766 0.037148
9 0.501728 0.586172 0.761470 0.038676
9 0.502426 0.432360 0.763910 0.041125
9 0.500832 0.156227 0.757603 0.040448
9 0.501781 0.635575 0.763863 0.040020
9 0.503641 0.098738 0.761927 0.060978
9 0.500534 0.252581 0.757676 0.038186
9 0.501121 0.484888 0.762179 0.038215
9 0.501435 0.382318 0.760683 0.040189
9 0.313838 0.675545 0.263472 0.015546
9 0.529911 0.333757 0.678108 0.018531
9 0.504080 0.098991 0.761340 0.060770
7 0.534760 0.315502 0.109580 0.015960
5 0.505991 0.040678 0.013998 0.014480
