9 0.532681 0.559445 0.775419 0.061917
9 0.534450 0.435404 0.776327 0.061627
9 0.531060 0.631605 0.773865 0.062551
9 0.529880 0.497161 0.769770 0.040619
9 0.530994 0.693007 0.775211 0.041442
9 0.528159 0.744403 0.774978 0.041917
9 0.528893 0.820723 0.776827 0.040642
9 0.734166 0.016230 0.521349 0.029660
9 0.531978 0.374492 0.774420 0.039117
9 0.535412 0.201944 0.579038 0.035664
9 0.534434 0.295647 0.777488 0.037449
9 0.662094 0.130765 0.385700 0.016756
9 0.451311 0.335423 0.493929 0.016324
9 0.490460 0.860061 0.581170 0.019624
9 0.528424 0.901236 0.776870 0.039848
7 0.535564 0.171690 0.153068 0.019590
9 0.529415 0.912415 0.776448 0.065078
9 0.269052 0.128932 0.252187 0.019370
9 0.525882 0.255211 0.632623 0.018685
9 0.535564 0.171690 0.153068 0.019590
9 0.269194 0.103663 0.248626 0.069930
5 0.096095 0.066263 0.029130 0.010360
