9 0.522736 0.326466 0.759427 0.079060
9 0.524240 0.578298 0.756970 0.059109
9 0.524963 0.642304 0.755345 0.057754
9 0.522388 0.520880 0.758028 0.040554
9 0.523098 0.473698 0.758963 0.036858
9 0.525327 0.092360 0.767523 0.039898
9 0.521747 0.394888 0.761745 0.040242
9 0.330462 0.266095 0.251156 0.018856
9 0.528707 0.160691 0.656499 0.015643
9 0.460615 0.131336 0.516715 0.018899
7 0.555106 0.220380 0.260174 0.035564
5 0.524010 0.046263 0.024095 0.014311
7 0.552130 0.228505 0.255723 0.019424
7 0.351445 0.434546 0.292288 0.019092
9 0.351445 0.434546 0.292288 0.019092
