9 0.502063 0.827367 0.763475 0.184095
9 0.500302 0.698057 0.760246 0.058075
9 0.500122 0.354926 0.761288 0.059966
9 0.501257 0.284673 0.763524 0.060336
9 0.500373 0.550436 0.760930 0.059488
9 0.498324 0.442242 0.762319 0.038487
9 0.500579 0.491419 0.762352 0.037598
9 0.495220 0.225499 0.757622 0.039774
9 0.500703 0.638741 0.757576 0.038166
9 0.353720 0.404640 0.346547 0.016448
9 0.461566 0.600820 0.565927 0.015526
9 0.446855 0.159043 0.535510 0.019035
9 0.316645 0.187350 0.267707 0.017269
9 0.532406 0.103480 0.653790 0.047703
7 0.532406 0.103480 0.653790 0.047703
9 0.447957 0.172973 0.540426 0.046801
