9 0.523860 0.494870 0.760730 0.122936
9 0.524289 0.301623 0.761157 0.102895
9 0.526388 0.764665 0.763962 0.082480
9 0.523555 0.605902 0.760394 0.079641
9 0.527012 0.883848 0.760905 0.078749
9 0.523725 0.392567 0.760866 0.060579
9 0.524350 0.685277 0.761993 0.060725
9 0.521706 0.100080 0.754748 0.059968
7 0.391430 0.233191 0.374671 0.018538
9 0.554279 0.182323 0.652948 0.042039
7 0.460717 0.825653 0.505649 0.018939
9 0.460717 0.825653 0.505649 0.018939
9 0.391430 0.233191 0.374671 0.018538
7 0.554279 0.182323 0.652948 0.042039
