9 0.534507 0.756038 0.763277 0.127740
9 0.530081 0.627133 0.761339 0.124979
9 0.536135 0.856956 0.763635 0.061218
9 0.526472 0.473155 0.760511 0.059279
9 0.525734 0.355208 0.763817 0.040285
9 0.693059 0.087294 0.456534 0.037859
9 0.401268 0.423777 0.376184 0.015427
9 0.346134 0.395208 0.271270 0.017810
9 0.447741 0.521926 0.477878 0.015328
9 0.531582 0.264321 0.303572 0.034987
9 0.360568 0.548920 0.294872 0.019636
9 0.527751 0.196979 0.564308 0.056069
9 0.348412 0.317869 0.277113 0.019564
9 0.528510 0.264349 0.302723 0.035477
7 0.348412 0.317869 0.277113 0.019564
7 0.528510 0.264349 0.302723 0.035477
