9 0.499003 0.325556 0.763262 0.081142
9 0.498837 0.405471 0.763370 0.061084
9 0.498244 0.216500 0.760184 0.060590
9 0.496966 0.695932 0.760848 0.038069
9 0.498166 0.851228 0.760316 0.060806
9 0.497497 0.475778 0.761831 0.059666
9 0.497843 0.793305 0.762100 0.037945
9 0.498739 0.147191 0.760109 0.060488
9 0.499919 0.087551 0.757707 0.040556
9 0.496900 0.745001 0.760914 0.039093
9 0.499377 0.598921 0.764802 0.135393
5 0.499996 0.040888 0.023760 0.014767
7 0.383632 0.266680 0.410384 0.017150
9 0.383632 0.266680 0.410384 0.017150
