9 0.512303 0.085053 0.778144 0.045836
6 0.763868 0.204751 0.422436 0.153864
5 0.516452 0.040942 0.022166 0.014333
3 0.186978 0.152509 0.110115 0.012104
7 0.178596 0.137364 0.094662 0.012445
9 0.179909 0.183173 0.096822 0.011669
3 0.259440 0.288337 0.255142 0.011327
9 0.225695 0.168517 0.185952 0.011310
3 0.243881 0.213409 0.233778 0.012353
3 0.279505 0.198632 0.305121 0.011662
9 0.186978 0.152509 0.110115 0.012104
3 0.205339 0.258233 0.151203 0.011700
3 0.210383 0.243045 0.159964 0.012747
9 0.209074 0.302897 0.158081 0.012302
9 0.281447 0.245319 0.305379 0.214212
3 0.225695 0.168517 0.185952 0.011310
9 0.205339 0.258233 0.151203 0.011700
3 0.209074 0.302897 0.158081 0.012302
9 0.178596 0.137364 0.094662 0.012445
3 0.179909 0.183173 0.096822 0.011669
9 0.259440 0.288337 0.255142 0.011327
