9 0.502820 0.109555 0.760181 0.081444
9 0.500545 0.603566 0.764042 0.081278
9 0.501592 0.278101 0.762560 0.080268
9 0.500652 0.730364 0.763289 0.059237
9 0.499498 0.670470 0.760466 0.040042
9 0.500430 0.438794 0.762493 0.039555
9 0.498997 0.179635 0.753414 0.038733
9 0.501611 0.841432 0.766568 0.061008
9 0.503398 0.786930 0.766752 0.041690
9 0.500943 0.367997 0.764111 0.082933
9 0.413807 0.546015 0.465779 0.017335
9 0.432825 0.218611 0.501896 0.017788
9 0.500996 0.368015 0.763803 0.083003
5 0.505060 0.042882 0.012346 0.014635
7 0.502229 0.487852 0.111814 0.015736
9 0.501509 0.505968 0.526419 0.020293
7 0.432825 0.218611 0.501896 0.017788
7 0.501509 0.505968 0.526419 0.020293
