9 0.525137 0.602037 0.762101 0.125351
9 0.524680 0.335999 0.760313 0.079663
9 0.525869 0.759624 0.765013 0.105584
9 0.525903 0.130641 0.761435 0.062331
9 0.524154 0.415984 0.764600 0.059282
9 0.526635 0.203415 0.760499 0.062588
9 0.524565 0.265868 0.760438 0.039554
9 0.524423 0.475662 0.764252 0.040991
9 0.316711 0.081275 0.211168 0.015087
9 0.525620 0.842630 0.764675 0.039361
9 0.370656 0.881728 0.325869 0.017799
9 0.387402 0.684242 0.363521 0.019182
9 0.387308 0.515453 0.358747 0.018454
6 0.896386 0.877333 0.048322 0.018554
