9 0.523114 0.708952 0.765817 0.074592
9 0.523771 0.635792 0.769492 0.056025
9 0.522084 0.270134 0.768556 0.039184
9 0.523158 0.460673 0.764790 0.038685
9 0.522750 0.318492 0.766297 0.038320
9 0.524707 0.876619 0.765194 0.054257
9 0.524672 0.557586 0.763121 0.035699
9 0.696608 0.136070 0.359734 0.016739
7 0.524266 0.186954 0.128222 0.019283
7 0.336350 0.521904 0.269861 0.020093
9 0.522536 0.390589 0.761641 0.083986
9 0.521756 0.208115 0.634181 0.016356
9 0.290033 0.134536 0.238719 0.017585
5 0.279382 0.077737 0.094036 0.017306
7 0.327233 0.591459 0.249861 0.017792
9 0.327233 0.591459 0.249861 0.017792
9 0.523150 0.413263 0.759600 0.039496
9 0.522927 0.797407 0.766804 0.036199
9 0.519667 0.798345 0.762111 0.034445
