9 0.523395 0.231485 0.765765 0.074133
9 0.523775 0.347791 0.762196 0.052263
9 0.522900 0.449259 0.766961 0.053912
9 0.522904 0.398822 0.764371 0.034117
9 0.524735 0.170801 0.767287 0.036504
9 0.523861 0.509169 0.765869 0.054992
9 0.525641 0.121411 0.771590 0.053342
9 0.417589 0.305438 0.432849 0.015555
9 0.427586 0.283591 0.450768 0.015147
6 0.720834 0.650147 0.309786 0.130121
9 0.244822 0.911619 0.198050 0.012433
9 0.273067 0.761489 0.250909 0.011731
9 0.265593 0.746526 0.236231 0.011676
5 0.524024 0.040703 0.015309 0.013879
9 0.339681 0.821691 0.383676 0.012909
9 0.507733 0.079426 0.612297 0.015181
9 0.323317 0.866698 0.349817 0.013056
9 0.274547 0.896799 0.252965 0.012225
0 0.755695 0.727135 0.169329 0.019293
9 0.297350 0.851695 0.301170 0.012061
9 0.756080 0.561038 0.191785 0.038472
9 0.327336 0.679163 0.360712 0.027510
9 0.299554 0.791721 0.302920 0.011591
9 0.232623 0.731894 0.167706 0.011652
9 0.260823 0.881815 0.227520 0.012661
9 0.271818 0.716805 0.249229 0.011800
9 0.329322 0.776755 0.391980 0.011155
9 0.244347 0.701457 0.195142 0.011738
3 0.244347 0.701457 0.195142 0.011738
9 0.252902 0.656520 0.209041 0.011660
9 0.264753 0.566683 0.233607 0.011967
