9 0.524479 0.137180 0.767429 0.136577
9 0.523967 0.374898 0.765072 0.135477
9 0.524238 0.498730 0.765309 0.097044
9 0.523568 0.595662 0.763030 0.074681
9 0.523277 0.882047 0.766926 0.057454
9 0.523055 0.686401 0.762753 0.038582
9 0.522535 0.826312 0.766437 0.037553
9 0.522775 0.734733 0.762352 0.035481
9 0.524285 0.779828 0.765581 0.037171
9 0.523087 0.242404 0.766405 0.056573
5 0.523645 0.040881 0.012721 0.014408
9 0.350741 0.650499 0.297659 0.018459
9 0.359439 0.288958 0.312788 0.018510
7 0.359439 0.288958 0.312788 0.018510
7 0.350741 0.650499 0.297659 0.018459
