9 0.524421 0.432556 0.768023 0.151263
9 0.523456 0.574562 0.765152 0.107283
9 0.523157 0.103227 0.763804 0.063220
9 0.524428 0.747193 0.767450 0.061883
9 0.524337 0.671753 0.768802 0.062832
9 0.523223 0.809233 0.767078 0.041028
9 0.524831 0.892126 0.765689 0.039519
5 0.523115 0.040796 0.012763 0.014454
9 0.328231 0.850563 0.253308 0.018881
9 0.391359 0.334257 0.378038 0.017735
9 0.527282 0.185690 0.667456 0.017832
3 0.461865 0.157210 0.523360 0.015412
9 0.464992 0.275985 0.531868 0.015452
9 0.474131 0.305475 0.545455 0.015066
9 0.461865 0.157210 0.523360 0.015412
9 0.521031 0.245444 0.649315 0.017022
3 0.474131 0.305475 0.545455 0.015066
3 0.464992 0.275985 0.531868 0.015452
9 0.553278 0.216302 0.705012 0.014999
3 0.521031 0.245444 0.649315 0.017022
3 0.527282 0.185690 0.667456 0.017832
3 0.553278 0.216302 0.705012 0.014999
7 0.328231 0.850563 0.253308 0.018881
